0,1,2,3,4
0.0,0.0,1.0,0.0,0.0
0.0,0.0044170173466422085,0.02219691490382755,0.9717975420402724,0.0015885257092579635
0.0,0.0005608944941475245,0.024412308938070622,0.9657347523289769,0.009292044238805067
0.0,0.0022882121246566513,0.03671947516637909,0.95107669543255,0.009915617276414216
0.0,0.0,0.0,1.0,0.0
0.0,0.02188683615115094,0.08859496741366676,0.8863807380163198,0.003137458418862474
0.0,0.0,0.0,1.0,0.0
0.0,0.004300000278647907,0.16443677205926158,0.8250767163295356,0.006186511332554966
0.0,0.004103859173749433,0.022161279989732014,0.9703866193642318,0.003348241472286796
0.0,0.000817920907784808,0.03479668937902393,0.9622336892236918,0.002151700489499463
0.0,0.0008494225442312273,0.006757940986507535,0.9885480304728252,0.003844605996435788
0.0,0.00024320426018404695,0.007840816747311937,0.9876624888891407,0.004253490103363359
0.0,0.009419479008052593,0.6360356992541865,0.22714640264640423,0.1273984190913568
0.0,0.02531976840995819,0.4221234447535858,0.5037632980594926,0.04879348877696333
0.0,0.008151344129389513,0.08349479383183209,0.8682078781902538,0.040145983848524594
0.0,1.0,0.0,0.0,0.0
0.0,0.0,1.0,0.0,0.0
0.0,0.038067509083714715,0.09896887892107628,0.857313422314213,0.005650189680996034
0.0,0.00028280586850858885,0.0036301685714032425,0.9948402091965155,0.001246816363572681
0.0,0.0016433051200225222,0.013954716115873789,0.9825782782398619,0.0018237005242418881
0.0,0.0,0.0,1.0,0.0
0.0,0.0002725761065837255,0.004247421469077826,0.99219619452053,0.003283807903808522
0.0,0.0065275434646269335,0.638471954689448,0.3128543704381191,0.042146131407806035
0.0,0.07576200726639164,0.1787064785089976,0.7143721776350433,0.031159336589567356
0.0,0.004047227435405726,0.01863505257259362,0.9746229829613945,0.0026947370306060875
0.0,0.11986806650371644,0.29808441604545227,0.5523321057281472,0.029715411722684198
0.0,0.0,1.0,0.0,0.0
0.0,0.0021711459864687766,0.013946636972962823,0.9749164033642985,0.008965813676269727
0.0,0.0026659283749613663,0.5970985748150391,0.3971075343189738,0.003127962491025852
0.0,0.0,0.0,1.0,0.0
0.0,0.0033499016719591977,0.012404496712432139,0.9832131078944565,0.0010324937211520998
0.0,0.0,0.0,1.0,0.0
0.0,0.006684833114952678,0.16519430772976493,0.819057212718125,0.009063646437157385
0.0,0.0,0.0,0.0,1.0
0.0,0.001147141441307775,0.019674189554804083,0.9742556084060123,0.004923060597875814
0.0,0.0026260502822838968,0.06423653440362875,0.9305794095143975,0.0025580057996897085
0.0,0.0008473202595685938,0.019231878070958747,0.9738921211002165,0.006028680569256395
0.0,0.0082620494951041,0.388039310586345,0.5625937454355641,0.041104894482986785
0.0,0.0066093521966594185,0.09516248841931767,0.891700189150942,0.006527970233080856
0.0,0.0,0.0,1.0,0.0
0.0,0.00013958469690133823,0.0055281221103983215,0.9927716800635785,0.0015606131291218388
0.0,0.0,0.0,1.0,0.0
0.0,0.0,1.0,0.0,0.0
0.0,0.00326493966605169,0.18237686564351452,0.8038191187092185,0.010539075981215318
0.0,0.0009882471889022684,0.016335292202510843,0.981080577696545,0.0015958829120418468
0.0,0.0,0.0,1.0,0.0
0.0,0.0,0.0,1.0,0.0
0.0,0.0013269128451116865,0.15358223823937348,0.8348249551578866,0.01026589375762825
0.0,0.058179368215485604,0.5265947006641023,0.36403877791530065,0.05118715320511143
0.0,0.0,0.0,1.0,0.0
0.0,0.0007434333686049779,0.02028026346278295,0.9712209714853246,0.007755331683287457
0.0,0.06683526367618452,0.1963178159616646,0.7188118631183598,0.018035057243791126
0.0,0.05430235089505205,0.3695566631903856,0.5594131890134767,0.016727796901085685
0.0,0.0011335514642156993,0.005787117174953588,0.9867906659636416,0.006288665397189164
0.0,0.0013871175380847347,0.0960747528040584,0.8971126525536507,0.005425477104206206
0.0,0.0,0.0,1.0,0.0
0.0,0.002494964897673651,0.08173718413657331,0.9059154482296841,0.009852402736069002
0.0,0.0,0.0,1.0,0.0
0.0,0.002376773678349664,0.029888285663418657,0.9631192131943331,0.004615727463898623
0.0,0.0,0.0,1.0,0.0
0.0,0.013017545718605148,0.21184087234558904,0.7664746028224577,0.008666979113348074
0.0,0.005908185085163784,0.02312772483653288,0.9647554568865635,0.006208633191739902
0.0,5.0055108072281465e-05,0.013844616238294685,0.9841311234828449,0.001974205170788033
0.0,0.0,0.0,1.0,0.0
0.0,0.0012388425123314323,0.0575514314110462,0.9377971375401886,0.003412588536433762
0.0,0.008101831437573566,0.006826799413598024,0.974399291692384,0.01067207745644433
0.0,0.0005468297107157924,0.0914642064137173,0.8968425627402565,0.011146401135310397
0.0,0.03530151255800596,0.42076951727263967,0.47889473882148126,0.065034231347873
0.0,0.0005882108414744483,0.04591796310067535,0.9519234103313465,0.0015704157265037453
0.0,0.09374294000908741,0.09437988355371252,0.7815834669602164,0.030293709476983843
0.0,0.0003246576021156155,0.01225371032751421,0.9855679474864418,0.00185368458392843
0.0,0.0,0.0,1.0,0.0
0.0,0.0002528161809448409,0.012301801626207979,0.9871700843955896,0.00027529779725757894
0.0,0.010590103211491581,0.5447203211010218,0.3855223180046131,0.059167257682873654
0.0,0.002165105111089181,0.006992908091670971,0.9888542978570094,0.00198768894023058
0.0,0.030350514021615094,0.3668904731880169,0.5753710197810553,0.027387993009312873
0.0,0.006923669021240536,0.0390199143505399,0.9399078657714627,0.014148550856756755
0.0,0.0005346157533225023,0.031821398474085064,0.9461548210837863,0.021489164688806035
0.0,0.0,0.0,1.0,0.0
0.0,0.0004409653515783443,0.005400103401911936,0.9938662325737223,0.000292698672787479
0.0,0.0034134177438777157,0.06988074392380668,0.9218507305371386,0.004855107795176864
0.0,0.003203473457199087,0.015455456642365233,0.9807829196253104,0.0005581502751252945
0.0,0.00043887185446023094,0.0032574281686057658,0.9946482799838098,0.0016554199931244113
0.0,0.0022980049418825027,0.02414468901864845,0.9675528418318716,0.006004464207597501
0.0,0.011580473477903992,0.7637051682778317,0.14406900973597744,0.08064534850828689
0.0,0.0,0.0,1.0,0.0
0.0,0.0008600054396476587,0.014263067555333972,0.9844259262506025,0.0004510007544157869
0.0,0.013308705952766273,0.09605258795372737,0.8895851161780384,0.0010535899154681307
0.0,0.0022744240485151985,0.011693699423863852,0.9667287411646619,0.019303135362958922
0.0,0.0016220724807037158,0.021495417058495767,0.9747941286098556,0.00208838185094485
0.0,0.017145447622878413,0.1574669539182078,0.818855718603767,0.006531879855146841
0.0,0.0026129277769353964,0.006710174923820829,0.9830615183521816,0.0076153789470622445
0.0,0.0034089771038889895,0.03378912542322309,0.9528716067912162,0.009930290681671755
0.0,0.0,0.0,1.0,0.0
0.0,0.005403272071655936,0.02978663280225986,0.9642313952613641,0.0005786998647200942
0.0,0.009548356361778313,0.012586777529081597,0.977548866621728,0.0003159994874121036
0.0,0.007984430473417733,0.01644435141964738,0.9647508197045029,0.010820398402431828
0.0,0.0021659127343809487,0.10902833513314233,0.8817933713479655,0.007012380784511272
0.0,4.04053466816288e-05,0.019898262166165904,0.9778842125787508,0.0021771199084018307
0.0,0.0,0.0,1.0,0.0
0.0,0.0003529277958619984,0.028784346029451242,0.9646044590235368,0.00625826715114987
0.0,0.0,0.0,1.0,0.0
0.0,0.015065615616486413,0.03340119405553745,0.9492104597819695,0.0023227305460065007
0.0,0.0,0.0,1.0,0.0
0.0,0.0,0.0,0.0,1.0
0.0,0.0025128499279614596,0.05059807429856985,0.9395260796407469,0.00736299613272208
0.0,0.0006246782239188949,0.01457574098960431,0.9844412187894687,0.0003583619970081619
0.0,0.0025998211164821607,0.03184526939898141,0.9612480145591473,0.004306894925389156
0.0,0.0,0.0,1.0,0.0
0.0,0.0018583196204225438,0.03222408304063169,0.9613695439636963,0.004548053375249554
0.0,0.0009548743799654283,0.10109100676896428,0.8949469374835113,0.003007181367558998
0.0,5.4442919564735025e-05,0.01147582275859211,0.9820755741877202,0.006394160134122866
0.0,0.008309525455973507,0.05243331898323923,0.9345595686431423,0.004697586917645049
0.0,0.0014339626317344894,0.03317063577825102,0.9611412143035585,0.0042541872864561
0.0,0.0,0.0,1.0,0.0
0.0,0.00024350842252792888,0.013208995523274928,0.9859963245500623,0.0005511715041348189
0.0,0.0004209186165929312,0.03734165828873552,0.9542839309584105,0.007953492136261136
0.0,0.0017271972517608277,0.02003336318671794,0.9727370718317448,0.0055023677297763906
0.0,0.0012250402022256446,0.01483625019722373,0.978768477470032,0.005170232130518582
0.0,0.002884388272338626,0.06924936456087116,0.9198370210994865,0.008029226067303623
0.0,0.020604562314392536,0.08211485209672001,0.8742892207641466,0.02299136482474084
0.0,0.0016639363509112534,0.18040725691568343,0.8145313297761563,0.003397476957249089
0.0,9.308913880421395e-05,0.01469278085433982,0.9843952297554747,0.0008189002513814218
0.0,0.000436788109920163,0.053440719980252585,0.9455944101199837,0.0005280817898436598
0.0,0.00011308190321881982,0.0029854100166039053,0.9955874849442166,0.0013140231359606625
0.0,0.0051589730916134415,0.023092499956293595,0.9631427875068411,0.00860573944525184
0.0,0.011770464712976464,0.18335590918901634,0.8012058178885996,0.003667808209407751
0.0,0.023525480154759235,0.24536575978255043,0.6891111436227279,0.04199761643996243
0.0,0.0,0.0,1.0,0.0
0.0,0.020277418440800925,0.27899490472463806,0.6723991283384699,0.028328548496091004
0.0,0.0,0.0,1.0,0.0
0.0,0.0,0.0,1.0,0.0
0.0,0.0006482726397993948,0.01384520175424051,0.9738073706172159,0.011699154988744211
0.0,0.0025854602876246944,0.019955440540796114,0.9751678103988919,0.002291288772687194
0.0,0.0005954239258309372,0.0065501872460458745,0.9924126426313258,0.00044174619679747537
0.0,0.004301794807803211,0.0076941817946169526,0.9860764903213164,0.001927533076263394
0.0,0.0,0.0,1.0,0.0
0.0,0.040089924963988055,0.045960349062729555,0.9130233967162594,0.0009263292570229781
0.0,0.0,0.0,1.0,0.0
0.0,0.0,0.0,1.0,0.0
0.0,0.0030328771998747277,0.08550032634501072,0.9071465921273848,0.0043202043277298695
0.0,0.0053928399658444435,0.03959224656915864,0.9513851424962215,0.0036297709687753803
0.0,0.0,0.0,1.0,0.0
0.0,0.002296920572890168,0.10851619945178667,0.881174767949996,0.008012112025327024
0.0,0.0,0.0,1.0,0.0
0.0,0.0,0.0,1.0,0.0
0.0,0.012420869284101733,0.3847232208528347,0.5686686523099415,0.03418725755312208
0.0,0.0011634397605724282,0.011470742679977766,0.9832804200289912,0.004085397530458431
0.0,0.0027132740014607325,0.04056802852200786,0.9558631480124227,0.0008555494641087032
0.0,0.00048103928425894863,0.019961428287718172,0.9782166505287373,0.001340881899285535
0.0,0.07798452906830006,0.46481870230195277,0.39633419847761076,0.060862570152136385
0.0,4.973512828637401e-05,0.004423404181022348,0.9949984460506975,0.0005284146399936317
0.0,0.0019058127961723331,0.006666826240759689,0.9908929572903764,0.0005344036726916549
0.0,0.0053527097602933185,0.03200218769220128,0.9544570846831585,0.008188017864346937
0.0,0.0002282680238781533,0.003346980073238341,0.9952417112035856,0.0011830406992977438
0.0,0.05485170684673709,0.38517217182864083,0.5285785224056501,0.031397598918971974
0.0,0.0,1.0,0.0,0.0
0.0,0.06298703153423954,0.20041265057874386,0.7273697770911026,0.00923054079591392
0.0,0.08963887807945267,0.15024210007705002,0.7462292619831962,0.013889759860301137
0.0,0.0008145405006270772,0.041353119439879085,0.956037582146308,0.001794757913185951
0.0,0.0002798865505181005,0.00199979586674578,0.9874494500545271,0.010270867528208955
0.0,0.0007334595818289274,0.08307928514522879,0.8723720041961102,0.04381525107683222
0.0,1.0,0.0,0.0,0.0
0.0,0.001464766118700925,0.0251697060254147,0.9701478084220796,0.0032177194338048887
0.0,0.007362079252365625,0.37148214551653996,0.615376320749216,0.005779454481878428
0.0,0.00587686410691851,0.009542038233718037,0.9829532148796158,0.0016278827797476733
0.0,0.0115440416102461,0.11549393867047031,0.7975694581256533,0.07539256159363054
0.0,0.0009797942427423917,0.032838779409534016,0.9628744866063427,0.0033069397413810473
0.0,0.0,0.0,1.0,0.0
0.0,0.03530151255800596,0.42076951727263967,0.47889473882148126,0.065034231347873
0.0,0.023847830352086492,0.46698731118555487,0.30376499690095726,0.2053998615614014
0.0,0.00041144464096784983,0.019855249254740116,0.9691526982316511,0.010580607872640941
0.0,0.0,1.0,0.0,0.0
0.0,0.0006252079019015266,0.025243339759183775,0.9687741199796095,0.005357332359305347
0.0,0.0983173645853731,0.5735370505812697,0.29971799684834716,0.028427587985009974
0.0,0.0004737335995673532,0.010302618438129234,0.9877131949195382,0.001510453042765355
0.0,0.007885540555455843,0.2787648646815314,0.7050676036893592,0.008281991073653716
0.0,0.0020796362141047935,0.01963062656129081,0.958937881931873,0.019351855292731552
0.0,0.0,0.0,1.0,0.0
0.0,0.0007046963405945593,0.016848878903535938,0.9798719512204169,0.0025744735354526907
0.0,0.03463852121003626,0.15663148902329652,0.777425587890202,0.03130440187646517
0.0,0.004133724222092775,0.006130414860746656,0.9866744274302649,0.003061433486895725
0.0,0.00010219608933906231,0.006728718211526137,0.992910531732943,0.000258553966191714
0.0,0.001197023124922876,0.0150324174801476,0.9831935240353558,0.0005770353595736691
0.0,0.0,0.0,1.0,0.0
0.0,0.0005215049648695924,0.005064472263426595,0.9889173286906955,0.00549669408100826
0.0,0.0,1.0,0.0,0.0
0.0,0.0,0.0,1.0,0.0
0.0,0.12780621006726653,0.4180447514265431,0.2716842417981709,0.1824647967080195
0.0,0.0,1.0,0.0,0.0
0.0,0.00012986187247479952,0.007455436663794226,0.9912098263025151,0.0012048751612159642
0.0,0.006780538690630067,0.038544730348116604,0.9504410896085375,0.004233641352715844
0.0,0.0,0.0,1.0,0.0
0.0,0.0,0.0,1.0,0.0
0.0,0.018865294293888658,0.5564055552968925,0.2892251485535393,0.13550400185567946
0.0,0.000493578746388711,0.007036973936148665,0.9910640805917879,0.0014053667256745657
0.0,3.341477560468336e-05,0.013054301567290524,0.9857754654343964,0.0011368182227083187
0.0,0.0002677083954895113,0.00437393940515485,0.9919255315824745,0.0034328206168809847
0.0,1.734491513395002e-05,0.0032171055600748893,0.9958124238344478,0.0009531256903432857
0.0,0.0004270499865956628,0.005580955966900233,0.9928690693481602,0.0011229246983437617
0.0,0.0,1.0,0.0,0.0
0.0,0.0007152071496390386,0.00625003084992874,0.9873506031782769,0.0056841588221552605
0.0,0.0008925818435475613,0.00472145949872002,0.9935758743520546,0.0008100843056779664
0.0,0.0,0.0,1.0,0.0
0.0,0.026094304878618663,0.11074831668739522,0.8560805106013933,0.007076867832592692
0.0,6.179733390963118e-05,0.004819623555606241,0.994694009981246,0.00042456912923821813
0.0,0.0010766398720100298,0.007010739292062805,0.9895560034535642,0.0023566173823631317
0.0,0.0,0.0,1.0,0.0
0.0,0.0018489860248355684,0.04452688972341148,0.8535762103510874,0.10004791390066547
0.0,0.0,0.0,1.0,0.0
0.0,0.00220564297528218,0.02446270607686136,0.9702481960200446,0.0030834549278118575
0.0,0.00027650042244292287,0.006441862751946649,0.9927786613745303,0.0005029754510800703
0.0,0.002746483443175278,0.15546790459765297,0.8335082617693867,0.008277350189784888
0.0,0.0,0.0,0.0,1.0
0.0,0.020745779288693277,0.24767663818788116,0.5720741654202242,0.15950341710320143
0.0,0.0,0.0,1.0,0.0
0.0,0.006127341407357308,0.11392161792167581,0.8754891459693079,0.004461894701659012
0.0,0.007056271833126541,0.029735159758156597,0.959396274765868,0.0038122936428487664
0.0,0.0011889455554428803,0.00592055674172787,0.9921334076084964,0.0007570900943326442
0.0,0.0,0.0,1.0,0.0
0.0,7.139491824521108e-05,0.0019278727956625681,0.9969746521127684,0.001026080173323777
0.0,0.0016255675703659232,0.219582565780624,0.7744336340526378,0.004358232596372251
0.0,0.0,0.0,1.0,0.0
0.0,0.0026952904681116162,0.014013253041000854,0.9796094523157889,0.0036820041750988304
0.0,0.0027052118060320435,0.10653198597400522,0.8869141040438795,0.0038486981760833283
0.0,0.0006474413516013152,0.015024787127167195,0.982326558189499,0.0020012133317324756
0.0,0.0,0.0,1.0,0.0
0.0,0.02677445637774546,0.05576829812667779,0.885014693442287,0.03244255205328984
0.0,0.04701837053580289,0.07777351508606876,0.7866993908170482,0.08850872356108003
0.0,0.0004173972319790252,0.003060100293390473,0.9944401427049676,0.0020823597696628363
0.0,0.0017799433277163757,0.007106104324831089,0.9879675645856596,0.0031463877617929426
0.0,0.0001736705115402782,0.0033084170138914584,0.9931545435271655,0.0033633689474028504
0.0,5.869566758449621e-05,0.0011273400968908954,0.9951508302776689,0.0036631339578557763
0.0,0.0021345258873980534,0.056008556257097795,0.9354186503994205,0.006438267456083671
0.0,0.002727263047993219,0.1852050492443968,0.791318265619107,0.020749422088503017
0.0,0.0051816092376677884,0.055940028466891854,0.9359417926775583,0.0029365696178821265
0.0,6.670768502487681e-05,0.008804690704257327,0.9888180718954063,0.002310529715311443
0.0,0.0017971039409966417,0.07831535212833925,0.9118594869962054,0.008028056934458568
0.0,0.0006575255366511316,0.04713398021410314,0.9490761928948295,0.003132301354416342
0.0,0.01980834674830208,0.14277483724494605,0.8287256441146227,0.00869117189212936
0.0,0.0014362596521719656,0.010881997524037084,0.9868795568180222,0.0008021860057688956
0.0,0.004888353492787795,0.06377487604482804,0.929649127272431,0.0016876431899530882
0.0,0.001240148533370999,0.025523951684853063,0.9686431694784119,0.004592730303364109
0.0,0.000708230301204972,0.013528631063895711,0.9851603273711202,0.0006028112637792779
0.0,0.0005896116470871706,0.008480714201500313,0.9895507189263357,0.001378955225076811
0.0,0.001795799503615507,0.007331639643535333,0.9886530987219263,0.0022194621309229003
0.0,0.002463967721972176,0.009031618051292791,0.9872588757345845,0.0012455384921505807
0.0,0.001106130049149124,0.006801816152099442,0.9910314306774144,0.00106062312133717
0.0,0.003421620122570538,0.10766181213808665,0.880387946060911,0.008528621678431738
0.0,0.004286754390785221,0.052280820818583686,0.9259269715082112,0.017505453282419876
0.0,0.00017197800150510573,0.004146325376717013,0.9866639712810393,0.009017725340738572
0.0,0.0029291516101905024,0.1425860930120753,0.848178834288648,0.006305921089086302
0.0,0.01661258264460808,0.3673937529505806,0.6040031912067158,0.011990473198095614
0.0,0.005627258828538285,0.014140347497300287,0.9750708688935354,0.005161524780625896
0.0,0.06531477769567506,0.3376903213910359,0.5213131963426278,0.07568170457066127
0.0,0.0,0.0,1.0,0.0
0.0,0.006946652960433178,0.025496745906935493,0.965764011986366,0.001792589146265365
0.0,0.000607362912663993,0.0135857966849912,0.9832526439543365,0.002554196448008362
0.0,0.03481823402490514,0.45256627362357904,0.44528781320021976,0.06732767915129614
0.0,0.0020213472279076187,0.015850235415884015,0.9788742226846079,0.0032541946716004647
0.0,0.00655831957499715,0.0725645713833881,0.8996492163594908,0.02122789268212389
0.0,0.0008796947829385622,0.005691529294690732,0.9928533614716274,0.0005754144507434238
0.0,0.0006421441207799388,0.01335063964073668,0.9838579711430875,0.002149245095396129
0.0,0.00016217384243708753,0.0035602923342114715,0.9956271969658319,0.0006503368575196182
0.0,0.0,0.0,1.0,0.0
0.0,0.006977911789883699,0.018184674141876293,0.9642520206486518,0.010585393419588173
0.0,0.0007058381685712109,0.1082889882618218,0.8890635375324096,0.0019416360371972627
0.0,0.00036303209793116383,0.020924614163530073,0.9752534849144082,0.0034588688241305133
0.0,0.0,0.0,1.0,0.0
0.0,0.0006476267000865806,0.03519494524869986,0.8433340707086513,0.12082335734256229
0.0,0.011665238605030862,0.025871999517530254,0.9599268311704805,0.002535930706958633
0.0,0.0,0.0,1.0,0.0
0.0,0.0028833102099003836,0.028941664573270985,0.9636095419596302,0.004565483257198514
0.0,0.021827929861398667,0.28804745943471677,0.6790451278817398,0.01107948282214483
0.0,0.01709758688524494,0.03078952260388938,0.9431303493635976,0.008982541147268075
0.0,0.0,0.0,1.0,0.0
0.0,0.0058301752794974295,0.0662897199408938,0.9109817361497761,0.016898368629832662
0.0,0.0,0.0,1.0,0.0
0.0,2.1036142713439577e-05,0.005462967556220774,0.9909186093914959,0.003597386909569738
0.0,0.0,0.0,1.0,0.0
0.0,0.004830812065110135,0.08745353419673503,0.8969151520205416,0.010800501717613365
0.0,0.06122819463894106,0.3921995158595,0.5267735764776378,0.01979871302392123
0.0,0.06808246731108485,0.36159438000490124,0.4886733891830414,0.08164976350097256
0.0,0.0014147287316616218,0.5136378978623297,0.4792689884164032,0.0056783849896053515
0.0,0.017909033957462205,0.27143594942112,0.6983945707273367,0.012260445894081158
0.0,0.0018773227799738495,0.03794685886335295,0.9361410248217317,0.024034793534941465
0.0,0.0,0.0,1.0,0.0
0.0,0.003791787401640683,0.047500543958684395,0.9446086138037654,0.004099054835909702
0.0,0.0001005617329837771,0.006480056286541952,0.9903969458955869,0.0030224360848875435
0.0,0.006409788578104698,0.026154392117313612,0.9659495513407258,0.0014862679638559494
0.0,0.0,0.0,1.0,0.0
0.0,0.0018230528047223581,0.0922412599711844,0.8896064190853445,0.016329268138748732
0.0,0.0032414821523291506,0.017694679771165258,0.9781854756092756,0.0008783624672301568
0.0,0.0028429195530929345,0.5512236137463222,0.4422171422005163,0.003716324500068483
0.0,0.0027492166012822047,0.011330615473966538,0.9824974807154538,0.003422687209297485
0.0,0.00019385309494292235,0.012715230550491735,0.9856267990658176,0.0014641172887476588
0.0,0.0,0.0,1.0,0.0
0.0,0.03073220181172524,0.11127176437586317,0.8509163273703185,0.007079706442093063
0.0,0.0022591377443566974,0.02781507412834062,0.9682342308367344,0.001691557290568207
0.0,0.05698929692755358,0.244944387013669,0.6691188017617394,0.02894751429703804
0.0,0.014716805108916898,0.4543954341656993,0.4435366837908079,0.08735107693457592
0.0,1.0,0.0,0.0,0.0
0.0,0.04464832543560873,0.14367519121241326,0.7925657439674131,0.01911073938456492
0.0,0.04188156884517104,0.11225503329605695,0.6989223702428459,0.14694102761592612
0.0,0.0018196770659534452,0.009882389852777715,0.9856285356575798,0.0026693974236892204
0.0,0.0,1.0,0.0,0.0
0.0,0.00755176724178198,0.017013167018658546,0.9735152578167975,0.001919807922762129
0.0,0.0,1.0,0.0,0.0
0.0,0.0006655993576467993,0.007963455708589329,0.9893899189187326,0.001981026015031333
0.0,0.0069030987224897285,0.044818173423207194,0.9473691303932645,0.0009095974610385417
0.0,0.011887052651014047,0.2114336804529903,0.6136104580924042,0.16306880880359154
0.0,0.003405677218723727,0.04432422724391406,0.9506240669515209,0.0016460285858412049
0.0,0.0008777866274432411,0.016818778709497897,0.9810883872999414,0.0012150473631174262
0.0,0.009060923429336997,0.0364673958093024,0.9535725970776353,0.0008990836837254204
0.0,4.7329949268289266e-05,0.004139328102589841,0.9942674798209378,0.001545862127204003
0.0,0.0,0.0,1.0,0.0
0.0,0.0,0.0,1.0,0.0
0.0,0.0694389648434179,0.1905621796691425,0.6709748619584125,0.069023993529027
0.0,0.00556018106762572,0.09472509187880537,0.8910501680799385,0.00866455897363062
0.0,0.0,0.0,1.0,0.0
0.0,0.0,0.0,1.0,0.0
0.0,0.003540332450885905,0.03255675628256365,0.9482393428289383,0.01566356843761221
0.0,0.05230550625135592,0.3861429326046845,0.39417404098316633,0.16737752016079321
0.0,0.004491490090265048,0.22720693204555492,0.7607510391481029,0.0075505387160771
0.0,0.0031638438517711163,0.014190121715120189,0.9816321705405031,0.001013863892605733
0.0,0.0,0.0,1.0,0.0
0.0,0.001505254414867839,0.026349162833244816,0.9707081752694677,0.0014374074824197187
0.0,0.0021738457941206696,0.1767261141167808,0.8157192297519049,0.005380810337193662
0.0,0.001776952750604974,0.052876150329979624,0.9424635426075179,0.0028833543118973776
0.0,0.0,0.0,1.0,0.0
0.0,0.0015129909286525074,0.044568316602068184,0.9508436603158819,0.0030750321533973652
0.0,0.0,0.0,1.0,0.0
0.0,0.0,0.0,1.0,0.0
0.0,0.004964832963242503,0.061069677930876934,0.9322510327267745,0.0017144563791059598
0.0,0.006190584060982414,0.20747639314167574,0.69488094414174,0.09145207865560197
0.0,0.0,0.0,1.0,0.0
0.0,8.460933652518473e-05,0.002342144364645058,0.9965177729671302,0.0010554733316995282
0.0,0.0012597294707425684,0.03594819226689626,0.9588961726804154,0.0038959055819459084
0.0,0.0,0.0,1.0,0.0
0.0,0.0024450071142677965,0.007195194268113945,0.9893929143455497,0.000966884272068742
0.0,0.0016785954447324474,0.03207934835791799,0.9626928106152386,0.003549245582111067
0.0,0.0013242817433348382,0.0384123024844718,0.9596689780798867,0.000594437692306571
0.0,0.007385612340425124,0.052689873864526116,0.9373825280244243,0.0025419857706244454
0.0,0.0,0.0,1.0,0.0
0.0,0.0006250492856035781,0.024873743625768125,0.9731396275815645,0.001361579507063651
0.0,0.003821664670308382,0.04068204172642732,0.9509786041348736,0.004517689468390691
0.0,0.0002087151716549239,0.010348702339356388,0.9887496244100671,0.0006929580789215375
0.0,0.009654919809101993,0.485251602560629,0.43850909170563923,0.06658438592462976
0.0,0.007817433107463823,0.02230781594761167,0.9654742199467989,0.004400530998125572
0.0,0.0,0.0,1.0,0.0
0.0,0.002954021189822259,0.051661359620347035,0.925912307843342,0.01947231134648885
0.0,0.0,1.0,0.0,0.0
0.0,0.004683118719262849,0.021579193961223226,0.9715483463858587,0.0021893409336550007
0.0,0.0,0.0,1.0,0.0
0.0,0.0066783218750250724,0.14553917111698111,0.8450810750983575,0.002701431909636401
0.0,0.0011406584844007833,0.014520990509573908,0.9818974666825087,0.0024408843235164653
0.0,0.0,1.0,0.0,0.0
0.0,0.0,0.0,1.0,0.0
1.0,0.0,0.0,0.0,0.0
0.0,0.001622067252269334,0.005754309443833929,0.9903752771091818,0.002248346194714884
0.0,0.0,0.0,1.0,0.0
0.0,0.0026718731011523833,0.0035853513845279113,0.9913773026965924,0.002365472817727442
0.0,0.00017698718139985968,0.022785575159253692,0.9765949370111757,0.00044250064817069796
0.0,0.003875511981530338,0.010737329643636332,0.9833856236281431,0.0020015347466903
0.0,0.00012318692591890105,0.016187441251274394,0.9831741682408774,0.000515203581929353
0.0,0.005161932991337689,0.034152212448670276,0.9600668894438702,0.0006189651161219499
0.0,0.0015469053360143085,0.1055608090312666,0.8802597731711757,0.012632512461543252
0.0,0.0,0.0,1.0,0.0
0.0,0.0031020092772206602,0.31113214330962585,0.6636431492989328,0.022122698114220674
0.0,0.0010075324105581363,0.02079851425340767,0.9767333572634673,0.0014605960725668052
0.0,0.0,0.0,1.0,0.0
0.0,0.0007657244996308165,0.01508425097863462,0.9705356403644221,0.013614384157312639
0.0,0.00025258800067912634,0.04103212961996676,0.9561771417078176,0.002538140671536379
0.0,0.011625602353277347,0.10080089376798022,0.876214207844743,0.011359296033999319
0.0,0.0,0.0,1.0,0.0
0.0,0.001112104255975108,0.020137347997832657,0.9608535979731607,0.017896949773031374
0.0,0.0005527176223366556,0.01917283941470552,0.9796527395756429,0.0006217033873149121
0.0,0.009195132807258307,0.02000237843782035,0.9679018910885089,0.0029005976664123133
0.0,0.001253726783363174,0.38480525303627555,0.6048776215290054,0.009063398651355956
0.0,0.00313492313609537,0.005659165052334733,0.9885078504363314,0.0026980613752386356
0.0,0.0,0.0,1.0,0.0
0.0,0.0001011532384477927,0.00860985923772695,0.984175445985264,0.007113541538561335
0.0,3.157793478741222e-05,0.011562099401341862,0.9868367150330839,0.0015696076307868071
0.0,0.0,0.0,0.0,1.0
0.0,0.012019902516616462,0.11720580846841669,0.8657083378185074,0.00506595119645944
0.0,0.026726648572157296,0.08211915564967784,0.8858603407896537,0.00529385498851122
0.0,0.002087027557702089,0.3112123992423207,0.5675988753505705,0.11910169784940669
0.0,0.0002752110445162058,0.005318592652064578,0.9921903507655185,0.0022158455379006647
0.0,0.011981887930453117,0.17375502893085729,0.7657437164080741,0.04851936673061543
0.0,0.002231800777842575,0.03452709824055074,0.9619716940525652,0.0012694069290413068
0.0,0.0,0.0,1.0,0.0
0.0,0.020033631280385936,0.11032958224338896,0.8605828583346005,0.009053928141624671
0.0,0.0074592642360577915,0.07086089188612935,0.9129527779781992,0.008727065899613778
0.0,0.0007481313122366244,0.029719741987487974,0.9686085725080869,0.0009235541921887207
0.0,0.000165888115085031,0.011324679193129262,0.9833594575096465,0.005149975182139199
0.0,0.0,0.0,1.0,0.0
0.0,0.0,0.0,1.0,0.0
0.0,0.014165503644299577,0.14539796524690868,0.838963529716487,0.0014730013923046454
0.0,0.03815934813846652,0.5731367177986619,0.19128848209486302,0.19741545196800847
0.0,0.00018932345300510335,0.022810323471344533,0.9734842637812161,0.0035160892944343406
0.0,0.011445490579425512,0.033903857422783,0.9532579097562062,0.0013927422415855133
0.0,0.0032492651645825523,0.023756563733969237,0.9706925516626178,0.002301619438830242
0.0,0.0,0.0,1.0,0.0
0.0,0.0,0.0,1.0,0.0
0.0,0.01244584121787572,0.26684500339140127,0.7170285266099121,0.0036806287808108526
0.0,0.0,0.0,1.0,0.0
0.0,0.0,0.0,1.0,0.0
0.0,0.020286578359387505,0.07832627304995018,0.8789255167838371,0.022461631806825248
0.0,0.014561373750033104,0.3569103767717599,0.6146168525000079,0.013911396978199108
0.0,0.00023513494830411618,0.004492864556328588,0.9945844810023414,0.000687519493025791
0.0,0.0017620476846694412,0.01135621244317829,0.9720175365802536,0.014864203291898742
0.0,0.0008958591551875934,0.05079015833212266,0.9423674835332161,0.005946498979473512
0.0,0.0,0.0,1.0,0.0
0.0,0.02755462825281043,0.3202962540793003,0.590969824125082,0.06117929354280742
0.0,0.0,0.0,1.0,0.0
0.0,0.003569745787521267,0.27709981102200953,0.7084136210336875,0.010916822156781652
0.0,0.0,0.0,1.0,0.0
0.0,0.0032104173379793348,0.21990183245625355,0.7367832161171907,0.04010453408857645
0.0,0.014391048055750363,0.03752414511774131,0.942074829918611,0.006009976907897406
0.0,0.0143417137770637,0.04845941029635672,0.933862752374637,0.0033361235519425415
0.0,0.00102367292962024,0.007665165752213507,0.9909285820962797,0.0003825792218863321
0.0,0.0,0.0,1.0,0.0
0.0,0.0,1.0,0.0,0.0
0.0,0.007049014067651807,0.7662116351891001,0.17724779193614507,0.049491558807103014
0.0,0.012575149705368235,0.3624195372363545,0.5494539254397994,0.07555138761847775
0.0,0.002523940363264681,0.05296790241441919,0.941061133134582,0.0034470240877342616
0.0,0.034560165786151356,0.12263294893244336,0.8304681772487623,0.012338708032642979
0.0,0.0,0.0,1.0,0.0
0.0,0.0004781046863237194,0.013797958729756536,0.9842580052242162,0.0014659313597033467
0.0,0.046552653520979134,0.26299220819827146,0.6110265168707402,0.07942862141000916
0.0,0.0413506031345867,0.258915618775637,0.6708948286482432,0.02883894944153325
0.0,0.02524235388474631,0.20261094912020802,0.7647213325807111,0.007425364414334658
0.0,0.0021149173152871905,0.02404312473339525,0.9712633124329455,0.0025786455183720016
0.0,0.00028874088979400806,0.02698190347464327,0.9724384232479222,0.0002909323876405659
0.0,0.0013634575184464123,0.04501102202324805,0.9508602268387953,0.002765293619509974
0.0,3.4625322871356795e-05,0.0021763435081706014,0.9952520922009681,0.0025369389679900543
0.0,0.001403994781656997,0.0062318253515064445,0.9905934799420788,0.0017706999247578798
0.0,0.00014623843548833938,0.0029771198124284694,0.9962476060765745,0.0006290356755086801
0.0,0.0005609362253045114,0.003639156488722214,0.9911000159211352,0.004699891364838035
0.0,0.0011470811890462542,0.010871275615581646,0.9874052912065115,0.0005763519888606665
0.0,0.049958138410197216,0.2332290405033468,0.7075025895958281,0.009310231490627905
0.0,0.0009944158552243208,0.021422717931919348,0.9753838339939535,0.002199032218902836
0.0,0.0,0.0,1.0,0.0
0.0,0.0011420206431825342,0.0153464722762502,0.9752207168848303,0.00829079019573709
0.0,0.0020602965594279845,0.08967944915727159,0.8860609925633721,0.022199261719928417
0.0,0.0,0.0,1.0,0.0
0.0,0.00050040145019041,0.010336325950184296,0.9851838403247122,0.003979432274912936
0.0,0.0018815215750346858,0.007058903341642895,0.9834073720346002,0.007652203048722259
0.0,0.0013628457421467086,0.015229003974457214,0.9817657240897872,0.0016424261936087575
0.0,0.0028292002072113935,0.08215301302265968,0.9122350714182155,0.002782715351913484
0.0,0.0030803194967355552,0.08970827192173107,0.8721063281994773,0.03510508038205606
0.0,0.0,0.0,1.0,0.0
0.0,0.03198987282432925,0.11261949555063466,0.8417608430122904,0.013629788612745917
0.0,0.001276679627735312,0.019007883851405647,0.978155024368389,0.0015604121524699756
0.0,0.0,0.0,1.0,0.0
0.0,0.0,0.0,1.0,0.0
0.0,0.00014352498977455357,0.008213559042109114,0.9787808862822416,0.012862029685874774
0.0,0.000901252423866348,0.008749623932302632,0.9898456897005721,0.0005034339432590467
0.0,0.006116965294394123,0.570289626798546,0.38267390220022557,0.04091950570683443
0.0,0.0,0.0,0.0,1.0
0.0,0.0009326974789499402,0.04534471382274794,0.9348877346087983,0.01883485408950381
0.0,0.00039260332703244935,0.007389746320893277,0.9906505978783032,0.0015670524737710655
0.0,0.02042378567203747,0.045852267698051,0.9316388617286924,0.0020850849012193085
0.0,0.0521025496070827,0.025171163526387458,0.9040759399914752,0.01865034687505473
0.0,0.007737539519486013,0.1414643934117075,0.8163875065762817,0.03441056049252491
0.0,0.004138266553530489,0.11038198712092628,0.8818538728607341,0.0036258734648089556
0.0,0.005283848068722069,0.12701531787230838,0.858638068900506,0.009062765158463531
0.0,0.0,0.0,1.0,0.0
0.0,0.0,1.0,0.0,0.0
0.0,0.011485212362392564,0.06103467037049772,0.9230302962882909,0.004449820978818763
0.0,0.0004586068352815232,0.009568347893651442,0.9898940520801377,7.899319092938686e-05
0.0,0.0,0.0,1.0,0.0
0.0,0.01783581658173191,0.0954935893335547,0.8793413920044733,0.007329202080240078
0.0,0.0,0.0,1.0,0.0
0.0,0.004993310194919516,0.09017043077197122,0.8987968457405915,0.0060394132925177275
0.0,0.003831021078726979,0.07493526513983648,0.9173802880964909,0.0038534256849456086
0.0,0.00045827082421075036,0.004206383746140404,0.9914961623496819,0.003839183079967011
0.0,0.0,0.0,1.0,0.0
0.0,0.0,0.0,1.0,0.0
0.0,0.016533743646512285,0.019054191575624504,0.9569909994204673,0.007421065357395923
0.0,0.005509414275153236,0.08480875307350014,0.8990305566865084,0.010651275964838332
0.0,0.014777574653724585,0.06475746018028697,0.9195905633098965,0.0008744018560921463
0.0,0.0007007325251195296,0.012492318606454281,0.9851088855859125,0.0016980632825137187
0.0,0.015676177164625132,0.20061727135801138,0.7773775676366013,0.0063289838407621255
0.0,0.000793502584075937,0.005460751715779653,0.9925108780198041,0.0012348676803402027
0.0,0.019567942186811658,0.09752036156692015,0.8673056136667927,0.015606082579475516
0.0,0.00027174595563823434,0.009951651171723775,0.9885772338254963,0.0011993690471417524
0.0,0.010516890343248713,0.016855388494777343,0.9717305290179661,0.0008971921440077775
0.0,0.01910790792413494,0.18955132906483174,0.776296786277932,0.015043976733101266
0.0,0.011042481451602524,0.04987874134242023,0.9201938124453145,0.018884964760662655
0.0,0.001598042726939293,0.03656766641316502,0.9564369234991517,0.0053973673607438915
0.0,0.0,1.0,0.0,0.0
0.0,0.004035446992956262,0.3893908474244089,0.596803442031921,0.00977026355071364
0.0,0.0035524306326488184,0.011831267939411975,0.9649200249162984,0.019696276511640864
0.0,0.009110973786504198,0.046281375177431555,0.9407880850150508,0.0038195660210133785
0.0,0.017573661484092024,0.16373313645942975,0.8128560784049024,0.005837123651575871
0.0,0.01124260591940544,0.014668344987116985,0.9727016949342566,0.0013873541592207615
0.0,0.0,0.0,1.0,0.0
0.0,0.0011101800784326502,0.12600814605730482,0.854714057997225,0.018167615867037613
0.0,0.004857510324191881,0.3474249816979327,0.6206835825889822,0.02703392538889335
0.0,0.006077323799334399,0.16579413320417782,0.789090329807248,0.03903821318923979
0.0,0.002416507894012665,0.059166466114293305,0.9352910147467229,0.0031260112449711295
0.0,0.0002758265727336267,0.007057780416070388,0.9914937970581112,0.0011725959530847476
0.0,0.0,0.0,1.0,0.0
0.0,0.0012268984396439414,0.014928032261446825,0.9798599936350907,0.00398507566381853
0.0,0.0015506392933047025,0.032885236490354804,0.9611869282341875,0.004377195982153024
0.0,0.024868192434223908,0.26316821574021293,0.6781971054931745,0.03376648633238875
0.0,0.002301175212996809,0.07386213993225453,0.9223608731682418,0.0014758116865068508
0.0,0.0009253627090262988,0.007902930034148709,0.9868030168087417,0.0043686904480832655
0.0,0.0025712218963324,0.023443316894980547,0.9690480857171984,0.004937375491488696
0.0,0.007098472487805554,0.09800482403676936,0.8685328193311271,0.026363884144297862
0.0,0.0007182335011802975,0.008217890125167588,0.989999026288551,0.0010648500851011607
0.0,0.007375059405563963,0.015363848088126793,0.9764082126070607,0.0008528798992485041
0.0,0.0,0.0,1.0,0.0
0.0,0.0007130666609401918,0.005343220770591284,0.9931572879522971,0.0007864246161713875
0.0,0.0013671760310707847,0.10831202463954755,0.8654601246100209,0.02486067471936097
0.0,0.0012896194211110944,0.038294638152097084,0.9307180695978999,0.029697672828891845
0.0,0.008447438468427259,0.2258726466648573,0.751712104018645,0.013967810848070372
0.0,0.0093733930547867,0.2161620533833261,0.7472002851169284,0.027264268444958828
0.0,0.0021738457941206696,0.1767261141167808,0.8157192297519049,0.005380810337193662
0.0,0.001017399147086303,0.0075254198531572655,0.9786259024941157,0.012831278505640569
0.0,0.001757033000741029,0.00842889618686963,0.9889455185941184,0.0008685522182710882
0.0,0.0013044405762603546,0.005955540115454112,0.9913963681775971,0.0013436511306884294
0.0,0.0016120951261262527,0.016023819644858495,0.9790817679471543,0.0032823172818608496
0.0,0.002841435194179331,0.09447817865469806,0.8939466092978312,0.008733776853291405
0.0,0.0,0.0,1.0,0.0
0.0,0.0,0.0,1.0,0.0
0.0,0.004125160074786338,0.06892511924640572,0.9124498443425046,0.014499876336303359
0.0,0.0,0.0,1.0,0.0
0.0,0.0010316255866320405,0.003514032068965444,0.9944187321735558,0.0010356101708467631
0.0,0.003153285436170684,0.31584678574963376,0.6452001092507026,0.035799819563493
0.0,0.006813627132343482,0.055930972036823845,0.9088595581801968,0.028395842650635716
0.0,0.0022647202740716226,0.36991088222129365,0.6224546560422257,0.00536974146240905
0.0,0.017618954124197075,0.4037667418814642,0.5570688364884769,0.021545467505861674
0.0,0.011119252276686182,0.08980547111049741,0.8965032545606235,0.0025720220521931406
0.0,0.0,0.0,0.0,1.0
0.0,0.000870779475306703,0.00919615673403581,0.9876291623857953,0.0023039014048621223
0.0,1.0,0.0,0.0,0.0
0.0,0.005254291049354868,0.364670647337455,0.5964473857703819,0.033627675842808145
0.0,1.0,0.0,0.0,0.0
0.0,0.001422952395040827,0.04387291182498019,0.9485365469679324,0.006167588812046525
0.0,0.0,0.0,1.0,0.0
0.0,0.0,1.0,0.0,0.0
0.0,0.0,0.0,1.0,0.0
0.0,0.003514497747058432,0.07169053887907692,0.920678255484089,0.004116707889775706
0.0,0.0064979761696205935,0.20456410088102944,0.7736566805628151,0.015281242386534718
0.0,0.0002894130450907124,0.02597492860257883,0.9719519600799245,0.0017836982724057971
0.0,0.039506351615319665,0.13814864356289724,0.8104468520153743,0.011898152806408857
0.0,0.02701776421629624,0.0850649184618613,0.8836060078351151,0.004311309486727558
0.0,0.00018129590251151855,0.009358281481960367,0.9899287597242304,0.0005316628912976735
0.0,0.0018572219552893832,0.06986015918265978,0.9269760521752486,0.0013065666868023779
0.0,0.0,0.0,1.0,0.0
0.0,0.011892519498539313,0.29854508869121255,0.6551997759854125,0.03436261582483563
0.0,0.0075264376791679246,0.052014858284205344,0.8954794365992862,0.04497926743734053
0.0,0.00023377922380219627,0.09799079435605255,0.8974696843296763,0.0043057420904688655
0.0,0.0012389501600708968,0.006249333684091191,0.9922906575893187,0.00022105856651924864
0.0,0.0014224003769184026,0.006895534313463417,0.9886017016824482,0.003080363627170035
0.0,0.006716269229744899,0.1161153337589532,0.8695447869958783,0.0076236100154233166
0.0,0.0,0.0,1.0,0.0
0.0,0.01839742457257101,0.2928408420869346,0.6422396971657969,0.04652203617469741
0.0,0.001472398239043758,0.02041918796880019,0.9762189959343706,0.0018894178577856056
0.0,0.004354162863278394,0.19490598411785495,0.7935802865179673,0.00715956650089937
0.0,0.0003101283300110413,0.02005746600290888,0.9767766964962192,0.002855709170860849
0.0,0.0018685112621996444,0.026757265031807625,0.9632262244551548,0.008147999250838115
0.0,0.02458220588501845,0.23969714269889372,0.5535414632175188,0.1821791881985691
0.0,0.0,0.0,1.0,0.0
0.0,0.00021175681429774909,0.020456974704189602,0.9785079705167871,0.0008232979647256541
0.0,0.0,1.0,0.0,0.0
0.0,0.0013338971747628027,0.03879402395189772,0.9505453313942462,0.009326747479093211
0.0,0.054618290640487024,0.259274773842038,0.682818234439427,0.003288701078047994
0.0,9.07985514898826e-05,0.0011828161366319923,0.9895635620580181,0.009162823253860067
