0,1,2,3,4
0.0,0.0,1.0,0.0,0.0
0.0,0.004875894888576963,0.024838950126469382,0.9683888764423493,0.0018962785426042878
0.0,0.00037007936717211833,0.02856338858235783,0.9638845940832667,0.007181937967203541
0.0,0.0018466220763642721,0.0190035502764987,0.9697012138017757,0.009448613845361529
0.0,0.0,0.0,1.0,0.0
0.0,0.016771302496735523,0.1369669461363952,0.8438013210077033,0.002460430359166017
0.0,0.0,0.0,1.0,0.0
0.0,0.0032577043222973153,0.11645972833839849,0.8768356201052707,0.0034469472340334503
0.0,0.007039677196319288,0.018187527833504795,0.969437428331066,0.005335366639110002
0.0,0.0009323694645637246,0.012184776507093983,0.985000704378519,0.0018821496498234256
0.0,0.00021786774918480778,0.009322416553254767,0.9886173681562628,0.0018423475412977335
0.0,0.00017805950410297927,0.010426609140810231,0.9830828643754812,0.006312466979605584
0.0,0.011075885581830336,0.6393833173759913,0.1713157549237219,0.17822504211845658
0.0,0.028166483453025144,0.32323600866196284,0.5804944913475815,0.06810301653743059
0.0,0.008328102467772606,0.14286697424719047,0.797692228348142,0.051112694936894784
0.0,1.0,0.0,0.0,0.0
0.0,0.0,1.0,0.0,0.0
0.0,0.01801853687204335,0.12342797769359037,0.840800458686429,0.01775302674793726
0.0,0.00028922717623960703,0.006074833741018104,0.9910918342525179,0.0025441048302243833
0.0,0.0012039693089807553,0.010184829047402151,0.987337868238012,0.0012733334056051647
0.0,0.0,0.0,1.0,0.0
0.0,0.0001403859047594042,0.003454923967549138,0.9941382175585934,0.002266472569098251
0.0,0.010798737007486379,0.6755746672149571,0.26955201690424563,0.04407457887331097
0.0,0.11715487600790234,0.1805563448929034,0.6651236226032851,0.037165156495909096
0.0,0.0029148871281960385,0.019542201929640506,0.9747500781271018,0.0027928328150614856
0.0,0.08423706204643783,0.25770262734242644,0.6340959879823218,0.023964322628814035
0.0,0.0,1.0,0.0,0.0
0.0,0.0010725009380387624,0.012264779945740935,0.9800726401588229,0.006590078957397478
0.0,0.0020988474941634498,0.667812769559434,0.3266915750762834,0.003396807870119057
0.0,0.0,0.0,1.0,0.0
0.0,0.004912851338501408,0.01052387374223238,0.9818339521508666,0.002729322768399787
0.0,0.0,0.0,1.0,0.0
0.0,0.010122456473775576,0.18882127295711856,0.7897628668074345,0.011293403761671494
0.0,0.0,0.0,0.0,1.0
0.0,0.0010889921359338438,0.01914631265964338,0.9761578609680471,0.0036068342363756055
0.0,0.001889149011244411,0.0413088032836776,0.9551723264865497,0.0016297212185283315
0.0,0.0007336221930814797,0.013231463694828078,0.9808686518884336,0.005166262223656811
0.0,0.011228119846545967,0.4084110685745864,0.4875694260444833,0.09279138553438437
0.0,0.004713418813831782,0.11570244957032964,0.8732387711826917,0.0063453604331468695
0.0,0.0,0.0,1.0,0.0
0.0,9.946724740491318e-05,0.006078076845586464,0.9929039865642061,0.0009184693428025756
0.0,0.0,0.0,1.0,0.0
0.0,0.0,1.0,0.0,0.0
0.0,0.003195007527673291,0.24522475583204678,0.7386594931050616,0.012920743535218163
0.0,0.0007906548678139429,0.018293317367406945,0.9781983909616161,0.002717636803163066
0.0,0.0,0.0,1.0,0.0
0.0,0.0,0.0,1.0,0.0
0.0,0.0008474156235520507,0.2470232606172047,0.7423141027319682,0.009815221027275119
0.0,0.039587971036660126,0.5150358290564219,0.37571120964308363,0.0696649902638343
0.0,0.0,0.0,1.0,0.0
0.0,0.00040826127656522633,0.011768011012831453,0.9824686801368747,0.005355047573728605
0.0,0.056447626878451715,0.16086677193668383,0.7671647447045998,0.015520856480264706
0.0,0.057505214185140506,0.32950802132335777,0.6014152186647264,0.01157154582677532
0.0,0.0013768991956187116,0.005485710683147412,0.9901793914330528,0.0029579986881811205
0.0,0.0017989252897999432,0.11977981827196618,0.8712003156687516,0.007220940769482306
0.0,0.0,0.0,1.0,0.0
0.0,0.0013543724561297956,0.07243725673695398,0.9199674785436158,0.006240892263300348
0.0,0.0,0.0,1.0,0.0
0.0,0.0024462168020260374,0.035057200287848,0.9595000103677123,0.002996572542413883
0.0,0.0,0.0,1.0,0.0
0.0,0.012168771101178361,0.20859160032005666,0.7726629519612456,0.006576676617519528
0.0,0.003912855101725181,0.025162763421212004,0.9653267348169393,0.005597646660123488
0.0,5.2257192496843116e-05,0.016180787764483347,0.9817631619787578,0.002003793064262145
0.0,0.0,0.0,1.0,0.0
0.0,0.0008450875239383036,0.0381861993370871,0.9587990699349179,0.002169643204056839
0.0,0.00333294210411184,0.0068474008043609355,0.9784602581937806,0.011359398897746741
0.0,0.0004565967523629885,0.06127805174367592,0.9274262331923392,0.010839118311621748
0.0,0.02256104538761541,0.4353305879074779,0.4817480916086129,0.060360275096293825
0.0,0.00043400426919618215,0.05442803588156825,0.9438689267184408,0.0012690331307946233
0.0,0.05464769341725236,0.12458338542885679,0.80280049394497,0.01796842720892087
0.0,0.0004327595681240945,0.013233465213049541,0.9837531826787254,0.0025805925401011206
0.0,0.0,0.0,1.0,0.0
0.0,0.00029858296138340993,0.011244192423877253,0.9882046292378925,0.00025259537684683725
0.0,0.004667229393256917,0.49295229206543656,0.4439321192818183,0.05844835925948834
0.0,0.001871407798450833,0.008037923132309333,0.9878809929182581,0.0022096761509816155
0.0,0.025707247108467356,0.3620516497855652,0.5777601335476257,0.034480969558341915
0.0,0.006283608321422994,0.05070917009632122,0.9275003216170197,0.015506899965235904
0.0,0.0005235399244750683,0.035141326528991844,0.9446055760401201,0.019729557506412913
0.0,0.0,0.0,1.0,0.0
0.0,0.0004510452055122581,0.006496933277508372,0.9928771566157735,0.00017486490120576244
0.0,0.004363778871729335,0.06595757020005859,0.9275175564624416,0.0021610944657705104
0.0,0.0021717726884481997,0.013697740758865942,0.9830715499365533,0.001058936616132285
0.0,0.0005011348149920397,0.0028541088026012343,0.9949397264062938,0.0017050299761129316
0.0,0.0021901466388414377,0.03234540553039687,0.9583464493475591,0.007117998483202745
0.0,0.007168278781586273,0.8527550202947722,0.09944648889149277,0.040630212032148685
0.0,0.0,0.0,1.0,0.0
0.0,0.0003444267885766157,0.012946640854460267,0.9861519126109328,0.0005570197460303093
0.0,0.006882245589820457,0.06951086785228835,0.9231249754374797,0.00048191112041123536
0.0,0.0009570060355135912,0.011456163094879951,0.9717386007359181,0.015848230133688322
0.0,0.002043421516288421,0.029175610224417996,0.9662283493312064,0.0025526189280872364
0.0,0.012673545950805437,0.13073244713650853,0.8510072944093654,0.005586712503320484
0.0,0.002249163539988248,0.00796803306886659,0.9760199969768655,0.013762806414279799
0.0,0.0010522104126597686,0.03646883775066089,0.9561207203835126,0.006358231453166772
0.0,0.0,0.0,1.0,0.0
0.0,0.004310354397719522,0.034484624653960586,0.9607566949510737,0.0004483259972462429
0.0,0.009324360620922066,0.014219574891811717,0.9761344319289392,0.00032163255832692877
0.0,0.00469384893432691,0.018255971937353167,0.9707436299932054,0.006306549135114583
0.0,0.0018953936777138774,0.09067708837337164,0.9041553418819982,0.003272176066916361
0.0,3.4940916678371076e-05,0.022364710505928684,0.976436861899094,0.0011634866782989873
0.0,0.0,0.0,1.0,0.0
0.0,0.0003467169047349426,0.026633978407717022,0.9696868362461742,0.003332468441373679
0.0,0.0,0.0,1.0,0.0
0.0,0.018770606056993776,0.04027759119385542,0.9375127323534918,0.0034390703956592604
0.0,0.0,0.0,1.0,0.0
0.0,0.0,0.0,0.0,1.0
0.0,0.00220142567865079,0.04512238754681538,0.946218328532316,0.006457858242217858
0.0,0.0008465837146713429,0.015157726313913128,0.983327648188846,0.0006680417825694826
0.0,0.004325474125558914,0.025065377391676462,0.9661155561596582,0.004493592323106424
0.0,0.0,0.0,1.0,0.0
0.0,0.002410298725392129,0.04213024198943318,0.9525240144615124,0.002935444823662252
0.0,0.0025437500014040067,0.13498168573118705,0.8594885997186383,0.0029859645487707734
0.0,8.061095465429944e-05,0.01014558689521224,0.9778722646317496,0.011901537518383843
0.0,0.005991614031182766,0.06301259110493343,0.9264396408514746,0.0045561540124093945
0.0,0.0007058739978324472,0.03829296744248351,0.9540316632983121,0.006969495261371946
0.0,0.0,0.0,1.0,0.0
0.0,0.00016179927069086514,0.015681538718112155,0.9838028408420719,0.0003538211691249861
0.0,0.0005738780987933406,0.05056759386823817,0.9406991494577621,0.008159378575206388
0.0,0.002480598286432294,0.03487700176272527,0.9590257248800569,0.003616675070785625
0.0,0.0011377518958280994,0.01064187248134003,0.9799176865003073,0.008302689122524725
0.0,0.0020206712275302463,0.06229440720030871,0.9322419466221069,0.0034429749500540724
0.0,0.00956428624426931,0.08679742789596326,0.8789931684096874,0.024645117450080124
0.0,0.001321033048991057,0.0668410647281345,0.9298346740667267,0.0020032281561477685
0.0,0.00011304924789359734,0.016248840920287982,0.9822298744291297,0.0014082354026887641
0.0,0.0006457098464518933,0.07117415430910418,0.9275073424487543,0.0006727933956897484
0.0,0.0001298690253416362,0.0030383471335199115,0.9953986781175077,0.001433105723630713
0.0,0.006642218039703829,0.024987130250407465,0.9606232256102644,0.007747426099624338
0.0,0.0049448705842971424,0.13029415698378882,0.8624507900943131,0.0023101823376008804
0.0,0.01912655657155146,0.23965205006168758,0.706678511996553,0.034542881370208
0.0,0.0,0.0,1.0,0.0
0.0,0.020609910208870916,0.3936511198946721,0.5703555425582534,0.01538342733820378
0.0,0.0,0.0,1.0,0.0
0.0,0.0,0.0,1.0,0.0
0.0,0.0008268644142381636,0.01349785537628383,0.9677265265872321,0.01794875362224584
0.0,0.0010737594730967789,0.010057123370472414,0.9863575815926289,0.002511535563801808
0.0,0.0008615656712578935,0.010106487181727426,0.9883682324327523,0.0006637147142624389
0.0,0.0032891375980505905,0.004251319365082798,0.9913227012310337,0.0011368418058328544
0.0,0.0,0.0,1.0,0.0
0.0,0.04352447048082764,0.053366140097232506,0.9018552372249662,0.0012541521969738519
0.0,0.0,0.0,1.0,0.0
0.0,0.0,0.0,1.0,0.0
0.0,0.002099665587807632,0.1002953353464181,0.8938661873173206,0.0037388117484534536
0.0,0.003259138499605479,0.04072830139666186,0.9514888869160316,0.004523673187700957
0.0,0.0,0.0,1.0,0.0
0.0,0.0023833681449240553,0.10566663996268513,0.8801978714338965,0.011752120458494308
0.0,0.0,0.0,1.0,0.0
0.0,0.0,0.0,1.0,0.0
0.0,0.011886777700605398,0.45804815713301483,0.5167644374766421,0.013300627689737485
0.0,0.0007949084664695815,0.008158732773524961,0.9873548223241457,0.0036915364358597385
0.0,0.002850500227345641,0.03226341450434784,0.9634073015894205,0.0014787836788861864
0.0,0.00024189118213557205,0.014766436141954484,0.9836191432378328,0.001372529438077251
0.0,0.08070841319854827,0.5182522569631236,0.3454645490650556,0.05557478077327246
0.0,4.0836974796787425e-05,0.003559641444542705,0.995547593437054,0.0008519281436063497
0.0,0.0011303997502791197,0.003984319891086562,0.9945506873082899,0.00033459305034432544
0.0,0.0044554640566048295,0.03488276486222965,0.9393495434677881,0.021312227613377414
0.0,0.00013504229672321456,0.004693334073507916,0.993895483776402,0.0012761398533668172
0.0,0.05288471630932121,0.4099475877262151,0.47025469252880275,0.06691300343566083
0.0,0.0,1.0,0.0,0.0
0.0,0.08641686442522324,0.18048990476345278,0.7210826514331681,0.012010579378155917
0.0,0.04991652216211019,0.21307449918198876,0.7274029420991667,0.009606036556734377
0.0,0.0005840063624971514,0.02976141668731665,0.968577617877936,0.0010769590722501227
0.0,0.00038216556191755276,0.001905474905985641,0.9926927995525286,0.005019559979568134
0.0,0.0005408010696568854,0.04583313109834202,0.87463678293201,0.07898928489999126
0.0,1.0,0.0,0.0,0.0
0.0,0.0028774221360039565,0.02211694190905611,0.9721216436051545,0.002883992349785358
0.0,0.01358795263103509,0.3286199453349326,0.6468439007627484,0.010948201271283872
0.0,0.006814703100820697,0.007864118522286035,0.9823131869930236,0.0030079913838695948
0.0,0.006078737535088756,0.11125698933531172,0.8417113500758264,0.04095292305377311
0.0,0.0010309994586610266,0.03223518139207698,0.9630482787062803,0.0036855404429815782
0.0,0.0,0.0,1.0,0.0
0.0,0.02256104538761541,0.4353305879074779,0.4817480916086129,0.060360275096293825
0.0,0.023468050125415186,0.4947663325441683,0.36037328286809767,0.12139233446231876
0.0,0.00023439696112228316,0.015190213315909912,0.9796535511116218,0.004921838611346005
0.0,0.0,1.0,0.0,0.0
0.0,0.0005487162766278283,0.017804118854022298,0.9786636951189529,0.002983469750396815
0.0,0.04449510188470725,0.5113933013646855,0.4000061738602607,0.044105422890346566
0.0,0.0005392752249859954,0.00998464419009768,0.9862507423920823,0.0032253381928338868
0.0,0.004955493835501989,0.3014065962726385,0.6869149968651598,0.006722913026699787
0.0,0.0016379193507983507,0.02854049793936001,0.9624826507230534,0.007338931986788232
0.0,0.0,0.0,1.0,0.0
0.0,0.0005722279184281753,0.012430199280745097,0.9823174465953214,0.004680126205505434
0.0,0.03293699507936017,0.12843873953680454,0.811731692299649,0.02689257308418618
0.0,0.005400337632729202,0.00583150022025076,0.9867123034469234,0.002055858700096445
0.0,5.097378271265861e-05,0.008344625037512356,0.991448477346428,0.0001559238333469438
0.0,0.0014418632343604816,0.01472943409673495,0.982939355754865,0.0008893469140394295
0.0,0.0,0.0,1.0,0.0
0.0,0.0008049428806128584,0.0035155495909710544,0.9880615033997543,0.007618004128661639
0.0,0.0,1.0,0.0,0.0
0.0,0.0,0.0,1.0,0.0
0.0,0.16080634454570383,0.3509005736300024,0.2629861622931388,0.22530691953115492
0.0,0.0,1.0,0.0,0.0
0.0,0.00014743388003055473,0.008522478250504032,0.9895891037991156,0.0017409840703496234
0.0,0.0066678629564840015,0.04206949562028909,0.9488871574563816,0.002375483966845325
0.0,0.0,0.0,1.0,0.0
0.0,0.0,0.0,1.0,0.0
0.0,0.02271213618853448,0.46159764901201666,0.3426637010169311,0.1730265137825177
0.0,0.00026614674279515,0.007568648318176474,0.990688957112374,0.0014762478266543808
0.0,5.034233702239612e-05,0.014897416720102885,0.9839148749273839,0.0011373660154906516
0.0,0.00024735502722934957,0.003177869673371893,0.9949819606792423,0.0015928146201565408
0.0,2.57682329267289e-05,0.0027731927012145507,0.9965404030966049,0.0006606359692537033
0.0,0.00033205586865724254,0.005738163675560702,0.9932497746608779,0.0006800057949041373
0.0,0.0,1.0,0.0,0.0
0.0,0.0005596651801743873,0.007965104604634904,0.9857679284940488,0.005707301721141913
0.0,0.0006189331843331414,0.007740520211653038,0.9909212604384475,0.0007192861655662361
0.0,0.0,0.0,1.0,0.0
0.0,0.0312644439053804,0.07417266868875458,0.8887899388653008,0.005772948540564311
0.0,9.434954874295665e-05,0.004489301807272681,0.9943435148947856,0.0010728337491989453
0.0,0.0007509195456334571,0.007027340611772272,0.9875418106409712,0.0046799292016230405
0.0,0.0,0.0,1.0,0.0
0.0,0.001508429926767997,0.042342998013979574,0.7815309408512051,0.1746176312080474
0.0,0.0,0.0,1.0,0.0
0.0,0.001815919167199367,0.03868356779544805,0.956707404565002,0.0027931084723505756
0.0,0.0003000559245889744,0.006391334385040366,0.9929788141605801,0.0003297955297905361
0.0,0.0009211077276738844,0.12024336793192743,0.8691526071831946,0.009682917157203945
0.0,0.0,0.0,0.0,1.0
0.0,0.021145296355465096,0.33215089327268954,0.5777996331912552,0.06890417718059014
0.0,0.0,0.0,1.0,0.0
0.0,0.00837724353617923,0.12616008595466127,0.860643077549701,0.004819592959458534
0.0,0.009429046185589093,0.02806104613212526,0.9595998516655684,0.0029100560167170907
0.0,0.0011738260916583883,0.005851589946685614,0.9920676288729486,0.0009069550887074122
0.0,0.0,0.0,1.0,0.0
0.0,6.966958255849489e-05,0.0023179769151019875,0.9967856233509957,0.0008267301513436997
0.0,0.0017166677724852774,0.21571701864646697,0.7775073440881167,0.005058969492931044
0.0,0.0,0.0,1.0,0.0
0.0,0.0036386853963337384,0.010354247831908124,0.9840239917994433,0.0019830749723149773
0.0,0.005136097186620745,0.08419570054137088,0.9056693322148369,0.0049988700571713274
0.0,0.002156616387845529,0.025382457375960725,0.9702048886454676,0.0022560375907260807
0.0,0.0,0.0,1.0,0.0
0.0,0.018767453745341247,0.0800890128050716,0.8658916423983003,0.03525189105128694
0.0,0.055913177387957,0.07968816620860077,0.7478932141791415,0.11650544222430086
0.0,0.0002606582636595323,0.0037650793124999193,0.9925555913110251,0.0034186711128152978
0.0,0.0012467007572691058,0.017406179363098455,0.9772430748114136,0.0041040450682190786
0.0,0.00015006083772238694,0.002898604273668479,0.9951395579869186,0.0018117769016904445
0.0,5.2362082052543895e-05,0.0012075523802287994,0.9954093876287576,0.0033306979089609686
0.0,0.0018473241551081004,0.05451210330052114,0.9403665494139579,0.0032740231304127496
0.0,0.0025247349151882943,0.15966644758282558,0.8191192261587137,0.01868959134327241
0.0,0.0046077103075969714,0.053876247318968784,0.9382799696237771,0.003236072749657042
0.0,0.0001756589318889614,0.012220183176080613,0.9843808566808077,0.0032233012112226184
0.0,0.0015026339713591795,0.08645607501988314,0.9042179317317831,0.007823359276974674
0.0,0.0008096025788909688,0.04906505918149192,0.9457230545848159,0.004402283654801207
0.0,0.015911476225676062,0.13111692597846542,0.8407497660052007,0.012221831790657839
0.0,0.001491129201359171,0.01463134432016753,0.9825066998298668,0.001370826648606441
0.0,0.004764955888062585,0.057189643068328765,0.9368841398659565,0.0011612611776520203
0.0,0.002003270087408519,0.03073523556852962,0.9641316202341498,0.0031298741099117728
0.0,0.0013483075940299062,0.016405060544501717,0.9816748250046136,0.0005718068568547689
0.0,0.0004412125057947076,0.009707183996774664,0.9878289082798805,0.002022695217550167
0.0,0.0024027026400969495,0.0055461445145072175,0.9894316270613681,0.002619525784027891
0.0,0.004363781077477987,0.011122269410287879,0.9833477459309711,0.0011662035812630641
0.0,0.0006550947175841247,0.005239512145456991,0.9934952107942709,0.0006101823426878124
0.0,0.003045986845188287,0.09895402760056948,0.8840706273605008,0.013929358193741494
0.0,0.004495826459868893,0.04070568234618694,0.9427237471137874,0.012074744080156859
0.0,0.00020698963873088712,0.006665886433495538,0.9873333851721535,0.0057937387556200775
0.0,0.0026813840182686255,0.09887709161768146,0.893185310083123,0.005256214280927076
0.0,0.026092566533042816,0.3960309068774756,0.5652557772810354,0.01262074930844626
0.0,0.009805929175408555,0.019554127689973437,0.964296255313223,0.006343687821394906
0.0,0.10481692358468697,0.3380533817960833,0.4977612172673277,0.059368477351902094
0.0,0.0,0.0,1.0,0.0
0.0,0.002585229247774305,0.03391035785812118,0.9623182013675302,0.0011862115265742878
0.0,0.00029540220420902854,0.0099388472220745,0.9887875130367298,0.0009782375369867518
0.0,0.04323019719044606,0.44952442263635206,0.4197413394707648,0.08750404070243711
0.0,0.0016878695973909178,0.014114011379036692,0.9823707720021984,0.001827347021373937
0.0,0.007391676919150693,0.049433210454420125,0.9271323341336245,0.01604277849280484
0.0,0.001188925375359694,0.005877482274335029,0.9922513095828084,0.0006822827674968811
0.0,0.0007617716519738654,0.016014901277463654,0.9814780760338578,0.0017452510367045322
0.0,0.00015699177641273276,0.002719540904985866,0.995214463444591,0.0019090038740105658
0.0,0.0,0.0,1.0,0.0
0.0,0.008078265743302034,0.022239263366669284,0.9613780893792251,0.008304381510803326
0.0,0.0005169765399522137,0.08806917794279262,0.909532270435706,0.0018815750815491844
0.0,0.0003962544605609444,0.027376004502936056,0.9675322255622051,0.004695515474297752
0.0,0.0,0.0,1.0,0.0
0.0,0.0005026414899919217,0.020721865529623455,0.9472214017985712,0.03155409118181341
0.0,0.002704836169736778,0.010026294258205497,0.9855674474236276,0.0017014221484301488
0.0,0.0,0.0,1.0,0.0
0.0,0.002325285314736505,0.029426879276640006,0.963819182119982,0.004428653288641317
0.0,0.021132967951690014,0.233206784446811,0.7355874983593328,0.010072749242166296
0.0,0.020232402848243455,0.04152136352035667,0.9275423249622741,0.010703908669125722
0.0,0.0,0.0,1.0,0.0
0.0,0.009482422642855598,0.07297011378667709,0.9103709618249891,0.007176501745478248
0.0,0.0,0.0,1.0,0.0
0.0,2.4865352812646062e-05,0.003453705083525038,0.9939477154966957,0.002573714066966555
0.0,0.0,0.0,1.0,0.0
0.0,0.004997898216227014,0.07651268606924025,0.9095342068880565,0.008955208826476407
0.0,0.06675012951301061,0.3363356676575927,0.5695018282176441,0.02741237461175252
0.0,0.0940637954026678,0.31343999126139427,0.5550748781167284,0.03742133521920951
0.0,0.0032357644795550644,0.4993010818194076,0.49137525096674184,0.0060879027342956565
0.0,0.016699303846339386,0.2402029527163668,0.7289279185300097,0.014169824907284204
0.0,0.0013686359336809394,0.06863866784283013,0.9077664962746033,0.02222619994888568
0.0,0.0,0.0,1.0,0.0
0.0,0.004943030358629392,0.04475905846302635,0.9488832052681131,0.00141470591023098
0.0,0.00017023534032778852,0.005512674130888285,0.9919305523950761,0.0023865381337077815
0.0,0.005733449310226375,0.029203145771334316,0.9632206198558169,0.0018427850626225692
0.0,0.0,0.0,1.0,0.0
0.0,0.0019491925109063717,0.1030634591944396,0.8768657884426869,0.018121559851967263
0.0,0.0014296187556638086,0.018337421249110412,0.9793272124379335,0.0009057475572923754
0.0,0.003180685913644691,0.557858526806843,0.4339697193768212,0.004991067902691158
0.0,0.0032211477925592957,0.01006689458726645,0.9810855457928623,0.005626411827311921
0.0,0.00027077184730471267,0.010839236046140021,0.987499849050508,0.001390143056047264
0.0,0.0,0.0,1.0,0.0
0.0,0.04780398068663834,0.09433866463395606,0.853829951167539,0.004027403511866487
0.0,0.0029480822479934603,0.027035282148964928,0.9684762218298925,0.0015404137731491034
0.0,0.08546206075081576,0.2303679115583183,0.6476070647400697,0.03656296295079622
0.0,0.02847992463540134,0.3835543589671343,0.5167680653033123,0.07119765109415196
0.0,1.0,0.0,0.0,0.0
0.0,0.05125157308844262,0.18706573168554913,0.7334346841810799,0.028248011044928495
0.0,0.03029722838620188,0.07854501515548715,0.6799089587475207,0.2112487977107902
0.0,0.001563069652987989,0.007113668279638059,0.9885979227597819,0.002725339307591831
0.0,0.0,1.0,0.0,0.0
0.0,0.010038301261094612,0.0125950141565178,0.9757485472225328,0.001618137359854875
0.0,0.0,1.0,0.0,0.0
0.0,0.0008237674924239664,0.009096016439026836,0.9867320043731322,0.003348211695416889
0.0,0.004804167718582906,0.05543356240212188,0.939049298380163,0.0007129714991320155
0.0,0.007096579720120648,0.16630753278225327,0.6425187030496089,0.18407718444801718
0.0,0.004974585908962,0.04855438240047237,0.944081010844233,0.002390020846332621
0.0,0.0013755795658205107,0.024809817015381482,0.9724810634084371,0.0013335400103610094
0.0,0.008712560936289781,0.03716184475491916,0.9530005385589535,0.0011250557498375306
0.0,5.789543519471871e-05,0.0038698778647578633,0.9948133978564446,0.0012588288436027792
0.0,0.0,0.0,1.0,0.0
0.0,0.0,0.0,1.0,0.0
0.0,0.06638152678750193,0.188814505002109,0.6908568003184266,0.05394716789196245
0.0,0.007022654561704771,0.109875997883451,0.8711153447814779,0.01198600277336638
0.0,0.0,0.0,1.0,0.0
0.0,0.0,0.0,1.0,0.0
0.0,0.004631061918609949,0.016693178538519586,0.9548996182402586,0.02377614130261197
0.0,0.037270626213014205,0.35385298566614315,0.41244155984525976,0.19643482827558284
0.0,0.007234484688479916,0.2364808402441791,0.7479283570683589,0.008356317998982062
0.0,0.0030674811765149337,0.018732344026179144,0.9772893410281022,0.0009108337692037824
0.0,0.0,0.0,1.0,0.0
0.0,0.0022118387413601684,0.024487898608759148,0.9704272345370599,0.002873028112820878
0.0,0.003086435848443489,0.2721725573843258,0.7211798670119994,0.003561139755231388
0.0,0.0018581194991719602,0.06675965803985973,0.9295615908054764,0.0018206316554921734
0.0,0.0,0.0,1.0,0.0
0.0,0.0016571202294460078,0.05502427050075213,0.9384053269407179,0.004913282329083958
0.0,0.0,0.0,1.0,0.0
0.0,0.0,0.0,1.0,0.0
0.0,0.0025037569933439477,0.03688459991435968,0.9586027932012462,0.002008849891050061
0.0,0.00538217086540888,0.1624674287373437,0.7276345674850652,0.10451583291218221
0.0,0.0,0.0,1.0,0.0
0.0,8.023176986503649e-05,0.0023518202812422622,0.9963929669424196,0.0011749810064730112
0.0,0.00045384276179551646,0.03840524230009517,0.9572846888853231,0.003856226052786068
0.0,0.0,0.0,1.0,0.0
0.0,0.0010724423142450348,0.005210507956068729,0.99288961337959,0.0008274363500963547
0.0,0.002835131012473578,0.035738769038125506,0.960332068572645,0.0010940313767558488
0.0,0.0003220141773225863,0.032832520621184455,0.9661430221344922,0.0007024430670007228
0.0,0.004853221671736045,0.061373843671951075,0.9324187169224929,0.0013542177338198853
0.0,0.0,0.0,1.0,0.0
0.0,0.0024640006304312285,0.029424129250063998,0.9663951436018395,0.001716726517665473
0.0,0.002716757923680883,0.029008924252538305,0.9641615349155181,0.004112782908262678
0.0,0.00020879470032384218,0.010343911872520447,0.9884072110677826,0.0010400823593730553
0.0,0.007728842437697445,0.5036698609840475,0.37671204202387687,0.11188925455437822
0.0,0.00642140674581868,0.019516692322525904,0.9704447906882608,0.003617110243394675
0.0,0.0,0.0,1.0,0.0
0.0,0.0016600342185660686,0.050142543545905714,0.939621328837732,0.008576093397796266
0.0,0.0,1.0,0.0,0.0
0.0,0.0034299330429410483,0.025518758053918372,0.9687112622366589,0.0023400466664817176
0.0,0.0,0.0,1.0,0.0
0.0,0.00629494079642629,0.11575884267329808,0.8757201793398204,0.00222603719045523
0.0,0.0010593503346061068,0.012182377872767408,0.9845925300741003,0.002165741718526235
0.0,0.0,1.0,0.0,0.0
0.0,0.0,0.0,1.0,0.0
1.0,0.0,0.0,0.0,0.0
0.0,0.0009808865349159213,0.00603588590287021,0.9899148786935932,0.003068348868620551
0.0,0.0,0.0,1.0,0.0
0.0,0.0022596832115281316,0.002756645512096968,0.9934240966838163,0.001559574592558517
0.0,0.00012779135383084219,0.006731562463899878,0.992754895002814,0.00038575117945529073
0.0,0.0039835279064740995,0.009870378030303894,0.9825934256319264,0.0035526684312956565
0.0,0.00023578532728677566,0.026289768095882245,0.9728271299903584,0.0006473165864725413
0.0,0.004946316452226581,0.04749422691038464,0.946528576852159,0.0010308797852298457
0.0,0.0009935111310453936,0.06788139267531791,0.9245084825507032,0.006616613642933604
0.0,0.0,0.0,1.0,0.0
0.0,0.002980479997171379,0.3123239897901616,0.6682501116891755,0.016445418523491635
0.0,0.0009573039536368624,0.020281169925654548,0.9771280877937704,0.0016334383269382836
0.0,0.0,0.0,1.0,0.0
0.0,0.0012336082316376919,0.016535218096824122,0.9648051724618515,0.017426001209686806
0.0,0.000245683176477517,0.04382949304949731,0.9531871826423982,0.002737641131626874
0.0,0.006760429720872136,0.08848053698327966,0.8960660265456376,0.008693006750210572
0.0,0.0,0.0,1.0,0.0
0.0,0.0010937167252201322,0.018077893585793148,0.9692398046752742,0.01158858501371266
0.0,0.000932125254173094,0.02100632098342084,0.9777199138054247,0.00034163995698120915
0.0,0.00791880335135069,0.023017619952827233,0.9658954899631599,0.003168086732662031
0.0,0.0012100152175492436,0.48926016024752206,0.49617389517285543,0.013355929362073263
0.0,0.00502853934660988,0.004161989888113735,0.988556479353775,0.0022529914115013887
0.0,0.0,0.0,1.0,0.0
0.0,9.647785756713265e-05,0.0066550628087432215,0.990089419416844,0.003159039916845608
0.0,3.0421302115766942e-05,0.007083904794080808,0.9920299504032986,0.0008557235005048774
0.0,0.0,0.0,0.0,1.0
0.0,0.008931167246730053,0.16201357636734698,0.823242996876617,0.005812259509306157
0.0,0.026748731231814826,0.08232572979798733,0.8852304624558419,0.005695076514355943
0.0,0.0020958702111783557,0.2745974728736227,0.6730384574678754,0.050268199447323615
0.0,0.00034253865640656287,0.004814807242775296,0.9929734871742231,0.0018691669265952005
0.0,0.010160781162451626,0.17499868174809183,0.7804823001212253,0.0343582369682313
0.0,0.0013508252492106523,0.03346344522942264,0.9636319074297146,0.0015538220916520363
0.0,0.0,0.0,1.0,0.0
0.0,0.018038724535701996,0.11155867874124974,0.8653636011233271,0.005038995599721298
0.0,0.009921224917649588,0.10125641039791847,0.8778591775597647,0.010963187124667385
0.0,0.001093870065661509,0.02099587505304682,0.9770723157709295,0.0008379391103622956
0.0,0.0002070058174144106,0.005452808288772535,0.9911259260933598,0.003214259800453247
0.0,0.0,0.0,1.0,0.0
0.0,0.0,0.0,1.0,0.0
0.0,0.012666329455912678,0.12352670380681119,0.8625572269670615,0.0012497397702148495
0.0,0.02844685090887426,0.5618437270284155,0.16553716786344347,0.2441722541992668
0.0,0.00016822360825758975,0.02168732033105883,0.9741754820967655,0.00396897396391826
0.0,0.0044872535605339,0.02713445786673918,0.967473309154663,0.0009049794180638344
0.0,0.00410777252267492,0.037670488084320046,0.9549941929681379,0.003227546424867182
0.0,0.0,0.0,1.0,0.0
0.0,0.0,0.0,1.0,0.0
0.0,0.016608109465732775,0.2263015603339337,0.7541748023446868,0.0029155278556468505
0.0,0.0,0.0,1.0,0.0
0.0,0.0,0.0,1.0,0.0
0.0,0.031105988402946972,0.09131025838979108,0.8527198072839115,0.02486394592335049
0.0,0.025660226782426115,0.24190886173086668,0.7190034017891922,0.013427509697514972
0.0,0.00019044621828412316,0.006025910655764472,0.9928666141012628,0.0009170290246886653
0.0,0.001096071587058173,0.01173736140876321,0.9689725617200272,0.018194005284151344
0.0,0.0010431635660377578,0.04489808933997927,0.9486233014567981,0.005435445637184861
0.0,0.0,0.0,1.0,0.0
0.0,0.026365873861231192,0.28680652824336417,0.6275945198223335,0.059233078073071134
0.0,0.0,0.0,1.0,0.0
0.0,0.0040981535129060755,0.33030721537779384,0.657693140287654,0.007901490821646137
0.0,0.0,0.0,1.0,0.0
0.0,0.0021881005628052747,0.12229774919901781,0.8141989642550419,0.06131518598313507
0.0,0.010224387368742415,0.05037430483179754,0.9296529995587018,0.009748308240758086
0.0,0.011697631954073499,0.05077519577124702,0.9343773772445791,0.0031497950301002746
0.0,0.0005127389243314848,0.009156568714679705,0.9901145645289737,0.0002161278320149714
0.0,0.0,0.0,1.0,0.0
0.0,0.0,1.0,0.0,0.0
0.0,0.007057273668479354,0.8544771062724943,0.11821278626397236,0.020252833795053972
0.0,0.013125988547388504,0.27459871800339763,0.6045183566841782,0.10775693676503566
0.0,0.0042265866527802926,0.08257444756908291,0.9044139599449373,0.008785005833199579
0.0,0.030990953249988774,0.17804028510621459,0.7749948641947894,0.015973897449007332
0.0,0.0,0.0,1.0,0.0
0.0,0.0004070484705565976,0.012860549156832407,0.9853008395707633,0.001431562801847746
0.0,0.05163562163748574,0.3335789662434453,0.5576670791730852,0.05711833294598373
0.0,0.03312668075997714,0.27197258036283456,0.6753057523012869,0.01959498657590153
0.0,0.023194634220615386,0.20522728323094727,0.7640070285399105,0.007571054008526842
0.0,0.005921546317932117,0.02687381270153862,0.9614308040263857,0.005773836954143482
0.0,0.00018061512509778954,0.017931542746206196,0.9810660800476558,0.000821762081040126
0.0,0.0008253971737425557,0.038639846593269675,0.9583434666137741,0.0021912896192138563
0.0,2.9014375588395854e-05,0.002888313589108171,0.994527413198886,0.0025552588364173836
0.0,0.0022874517625037184,0.00730389981179468,0.9875319721460732,0.002876676279628502
0.0,0.00013364015666919013,0.001905214299815437,0.9975138350397763,0.00044731050373895303
0.0,0.0003311603269412041,0.0033093039650506444,0.9913127879745998,0.005046747733408371
0.0,0.0004274669231498278,0.010209968955284076,0.9892227834202016,0.00013978070136441044
0.0,0.059248763836207606,0.28674584863111996,0.6432657621052643,0.010739625427408117
0.0,0.002755488015818568,0.01219825595503224,0.983605460768867,0.0014407952602822096
0.0,0.0,0.0,1.0,0.0
0.0,0.0008140646173715396,0.021427558452582145,0.9718454254500484,0.005912951479997845
0.0,0.001618721086921341,0.07745016263600109,0.9033044091949177,0.017626707082159875
0.0,0.0,0.0,1.0,0.0
0.0,0.0011498070756074715,0.00615372888607901,0.9904169527619275,0.0022795112763858284
0.0,0.0013663365834708698,0.004378375018738034,0.9869128572286201,0.007342431169171067
0.0,0.0009727911798184149,0.01437536498577551,0.9830148825104221,0.0016369613239838013
0.0,0.006446508600834312,0.1317845391900589,0.855647965600076,0.006120986609030645
0.0,0.001974422691027293,0.1073626227282241,0.8390430296224956,0.05161992495825316
0.0,0.0,0.0,1.0,0.0
0.0,0.02553902323149535,0.09627410248264356,0.866421717827263,0.011765156458598098
0.0,0.0013044422651532005,0.02629773188563277,0.9699841559628875,0.0024136698863265783
0.0,0.0,0.0,1.0,0.0
0.0,0.0,0.0,1.0,0.0
0.0,0.00019492821901553612,0.008277195804415083,0.9831385394284895,0.00838933654807974
0.0,0.0009022773723573963,0.011968333921205138,0.9865545685305804,0.0005748201758570416
0.0,0.006093676637759576,0.42883108451826846,0.5068844987006246,0.05819074014334731
0.0,0.0,0.0,0.0,1.0
0.0,0.0006674724292685641,0.04721635371126494,0.9427075087136197,0.009408665145846777
0.0,0.00029111446450035894,0.00943863993562632,0.9893909608631295,0.0008792847367436374
0.0,0.014107590675335093,0.03334745476004797,0.9504270643857845,0.0021178901788323217
0.0,0.05767280221455714,0.020903635110529572,0.9080928639888949,0.013330698686018433
0.0,0.008729961456913668,0.16350058680502566,0.8055232118019978,0.022246239936062766
0.0,0.006482365429509989,0.13238222824035947,0.8589263172706548,0.002209089059475586
0.0,0.005167220121970621,0.12662805870140345,0.8599133520866529,0.008291369089972956
0.0,0.0,0.0,1.0,0.0
0.0,0.0,1.0,0.0,0.0
0.0,0.015533769794188088,0.057513256295781676,0.9218754500945892,0.005077523815441132
0.0,0.0004486426118496218,0.013519112073944415,0.9859196129778901,0.00011263233631569909
0.0,0.0,0.0,1.0,0.0
0.0,0.01992413719475416,0.06076266387135202,0.9140909396100717,0.005222259323821994
0.0,0.0,0.0,1.0,0.0
0.0,0.004132799080390545,0.1379022018787302,0.8529183082804078,0.005046690760471373
0.0,0.004206051073767633,0.11614201453192116,0.8761185165188772,0.0035334178754339502
0.0,0.0003301304700293689,0.003606498478757999,0.9915916068400235,0.004471764211189175
0.0,0.0,0.0,1.0,0.0
0.0,0.0,0.0,1.0,0.0
0.0,0.004811472594672057,0.01958601767125686,0.9712974580997346,0.004305051634336495
0.0,0.007921039841043417,0.13320283464808605,0.8473298862674511,0.01154623924341947
0.0,0.012741660480224145,0.04792520189799659,0.9387073451625998,0.0006257924591794825
0.0,0.0010542651211989165,0.014664592441590707,0.9823368781050617,0.0019442643321485522
0.0,0.012417022645178832,0.2522121245329662,0.7310366851075757,0.004334167714279399
0.0,0.0009680375857154153,0.0043285816991973,0.9937718306425205,0.0009315500725668432
0.0,0.013775090550969937,0.10861129878399858,0.8590259781465607,0.018587632518470756
0.0,0.0003796789587558353,0.01168246066055797,0.985486786130986,0.0024510742497003656
0.0,0.010060972286707019,0.012394128844384336,0.9766250942023916,0.0009198046665171242
0.0,0.02037282294689126,0.24956739911906106,0.720358351035126,0.009701426898921733
0.0,0.006051936963486328,0.05178666591682503,0.922009029821983,0.02015236729770576
0.0,0.0010682481962784813,0.036779351657631486,0.9588195107703855,0.003332889375704585
0.0,0.0,1.0,0.0,0.0
0.0,0.003911952083443166,0.42883555273715884,0.5481604663566249,0.01909202882277315
0.0,0.00495662951897711,0.008273594550460393,0.9593767290658036,0.027393046864758953
0.0,0.0163400915321787,0.06417877553044081,0.9105268034700507,0.008954329467329759
0.0,0.027357430737172856,0.15316387810655444,0.8114828961577031,0.007995794998569618
0.0,0.005065211880279321,0.01222299762872971,0.9819664712080989,0.0007453192828921316
0.0,0.0,0.0,1.0,0.0
0.0,0.0009384753189915551,0.1146433334719918,0.8657089927124668,0.018709198496550013
0.0,0.004725190575594091,0.27358405046473694,0.694649531814145,0.027041227145523934
0.0,0.00643073324512079,0.11903158003439733,0.8530959079046424,0.021441778815839453
0.0,0.0023875690052537588,0.06984679113450962,0.9242995628182026,0.0034660770420339945
0.0,0.0003138960538957874,0.004873765814917536,0.9934490347207516,0.0013633034104350585
0.0,0.0,0.0,1.0,0.0
0.0,0.0009870578431664433,0.014921928546050369,0.9821350641570966,0.001955949453686585
0.0,0.0026914303191647873,0.055554641516552226,0.9370655132105872,0.00468841495369567
0.0,0.013068892856613081,0.301869710477829,0.6671907747236497,0.017870621941908128
0.0,0.0017693792362828403,0.06882260292626803,0.9280224471830609,0.0013855706543882528
0.0,0.0005639975075610222,0.007699157032769052,0.9876674678324434,0.00406937762722661
0.0,0.0023254548471194477,0.013407325515812165,0.9772493137889746,0.007017905848093621
0.0,0.01185732749101837,0.0870702808532253,0.8682941381098546,0.03277825354590187
0.0,0.0009837991703790328,0.005820020357617812,0.9902051000621427,0.0029910804098603667
0.0,0.00798056039365056,0.018674483400129945,0.9718411847769568,0.001503771429262772
0.0,0.0,0.0,1.0,0.0
0.0,0.0003012495928166798,0.006568373513689334,0.9923100928271328,0.0008202840663611482
0.0,0.0007251001793616797,0.06357706003594188,0.9216264365103172,0.014071403274379276
0.0,0.0010081448068740134,0.02752477576556405,0.9473580502911337,0.024109029136428182
0.0,0.007894290498896814,0.17416712789183197,0.7949090310661343,0.023029550543136962
0.0,0.006850611889423298,0.21289613200341084,0.7687070710585641,0.011546185048601883
0.0,0.003086435848443489,0.2721725573843258,0.7211798670119994,0.003561139755231388
0.0,0.0009445359137098324,0.006699388923745557,0.9863284566951547,0.0060276184673897434
0.0,0.0015495418009180734,0.012904257906808866,0.9847702297122722,0.000775970580000678
0.0,0.0025227633107577528,0.0058627164566522495,0.9910830932370317,0.0005314269955581204
0.0,0.0013637876788878387,0.012624242582636192,0.9835231507024933,0.0024888190359827556
0.0,0.001496381165096076,0.08815507124822033,0.9033111505833229,0.0070373970033607
0.0,0.0,0.0,1.0,0.0
0.0,0.0,0.0,1.0,0.0
0.0,0.003196078485272616,0.06688888238995126,0.9221605879386482,0.007754451186128025
0.0,0.0,0.0,1.0,0.0
0.0,0.0010238999024342371,0.0028908284078319447,0.9952075068101035,0.0008777648796304534
0.0,0.0025602635572754117,0.3600432080062274,0.5983015219839608,0.03909500645253629
0.0,0.006356539509723512,0.061450911705529555,0.9122611168629419,0.019931431921805024
0.0,0.0020959429356385046,0.3929635458065445,0.6014287592332437,0.003511752024573208
0.0,0.018567046445351208,0.45831092933230366,0.49591700177385284,0.027205022448492287
0.0,0.005779086035742722,0.07355245949207738,0.9193373913485205,0.0013310631236593579
0.0,0.0,0.0,0.0,1.0
0.0,0.0012795628375104565,0.009101922264870293,0.9880753735363168,0.001543141361302471
0.0,1.0,0.0,0.0,0.0
0.0,0.005579223058967469,0.3405065177426656,0.6009562143726275,0.05295804482573959
0.0,1.0,0.0,0.0,0.0
0.0,0.0007198117056224706,0.04602206277091047,0.9470802709797196,0.006177854543747224
0.0,0.0,0.0,1.0,0.0
0.0,0.0,1.0,0.0,0.0
0.0,0.0,0.0,1.0,0.0
0.0,0.003138550447329537,0.06295366704793443,0.9296155647756343,0.004292217729101795
0.0,0.0061177984370344145,0.15954088145728623,0.8246488258038174,0.00969249430186198
0.0,0.0002640927982208724,0.02512914597567643,0.9729704299148288,0.0016363313112739638
0.0,0.038981781871539375,0.10774590353728371,0.8413447613223417,0.011927553268835413
0.0,0.019465155896796656,0.09349021878683819,0.8822289119095871,0.004815713406778099
0.0,0.00012923814162114574,0.008497058692675166,0.9906759872866798,0.0006977158790238135
0.0,0.0012561600930943344,0.03770056268854248,0.9603057726139447,0.0007375046044184893
0.0,0.0,0.0,1.0,0.0
0.0,0.013830805643318964,0.2817057476968502,0.6604320867405044,0.04403135991932651
0.0,0.007507915276901296,0.08285551633883485,0.8434097103532157,0.06622685803104802
0.0,0.00031962127667818456,0.07037948223695721,0.9258101751525942,0.003490721333770421
0.0,0.0009254687034467756,0.014832000798675934,0.9841289800956737,0.00011355040220343494
0.0,0.0009452699951116271,0.006794954689419576,0.9854034342788603,0.006856341036608486
0.0,0.004838590146396022,0.09048153423062225,0.8936186442600145,0.01106123136296725
0.0,0.0,0.0,1.0,0.0
0.0,0.012489954749555526,0.2517698056353038,0.6518996752142382,0.08384056440090253
0.0,0.0014444845105794012,0.019132637036346937,0.9773525970067377,0.0020702814463358634
0.0,0.005572016161117436,0.17538036995605005,0.8124641986540224,0.006583415228809937
0.0,0.0005109575708997819,0.024454886324205647,0.9722074083984056,0.0028267477064890514
0.0,0.0032258986729849655,0.02588280829118831,0.9598911807029648,0.01100011233286184
0.0,0.026398097929894566,0.17174711208159135,0.6236443898041069,0.17821040018440726
0.0,0.0,0.0,1.0,0.0
0.0,0.00013460873826860246,0.026828157219870814,0.9713823605920939,0.0016548734497666185
0.0,0.0,1.0,0.0,0.0
0.0,0.001292630978958671,0.03894188759257739,0.9522217633146376,0.007543718113826377
0.0,0.22056597297864916,0.1826942682341998,0.5913795303568015,0.005360228430349638
