0,1,2,3,4
0.0,0.0,1.0,0.0,0.0
0.0,0.0033327880146926127,0.017656528322937386,0.9764872940192513,0.002523389643118714
0.0,0.0005313425947547132,0.03350653973433916,0.9595185404056232,0.006443577265282727
0.0,0.002276055987755234,0.023331761830702007,0.9649996122462309,0.009392569935311904
0.0,0.0,0.0,1.0,0.0
0.0,0.014987757032134919,0.09245458327098122,0.8899832525326816,0.0025744071642021553
0.0,0.0,0.0,1.0,0.0
0.0,0.0028927155742734163,0.09940785998303316,0.8939079020803569,0.0037915223623363873
0.0,0.00360589851330313,0.012703442538927778,0.9791903372944674,0.004500321653301706
0.0,0.0013091403568564522,0.018257316673240025,0.976870676932219,0.003562866037684306
0.0,0.0007764260906846989,0.007747939917712196,0.9894618995240716,0.0020137344675314993
0.0,0.0001283215994400109,0.00922503978759517,0.9863101557995428,0.004336482813422056
0.0,0.008511437822353054,0.6546283293055171,0.18975647303216253,0.14710375983996732
0.0,0.037189352860221715,0.33250134411804855,0.5707422092389366,0.05956709378279305
0.0,0.009947310739335904,0.18255465330516382,0.7172408801670542,0.090257155788446
0.0,1.0,0.0,0.0,0.0
0.0,0.0,1.0,0.0,0.0
0.0,0.014837790961695175,0.10086604231231551,0.8752715565111397,0.009024610214849635
0.0,0.0002942697892911598,0.008182613502199343,0.9892692404180051,0.0022538762905042024
0.0,0.0014450737535902508,0.011827822100395673,0.9854633616778598,0.0012637424681542938
0.0,0.0,0.0,1.0,0.0
0.0,0.00018199377812395755,0.0034177127998813567,0.9938016774650695,0.0025986159569252685
0.0,0.005637273756656054,0.5905115869893227,0.3566987918709939,0.04715234738302728
0.0,0.07967045425276603,0.22250520694958284,0.6700723780853477,0.02775196071230346
0.0,0.004582647122068271,0.019875156578914144,0.9725064455509111,0.0030357507481064217
0.0,0.089669043855065,0.22243826665076125,0.6640249870085102,0.023867702485663677
0.0,0.0,1.0,0.0,0.0
0.0,0.002275076031228941,0.01319779700594754,0.9794543017779815,0.00507282518484206
0.0,0.0012901494643865867,0.5975196462467439,0.3979024970138985,0.003287707274970945
0.0,0.0,0.0,1.0,0.0
0.0,0.005662791387009395,0.017044715856322105,0.9756480496772493,0.0016444430794191624
0.0,0.0,0.0,1.0,0.0
0.0,0.011284247175366491,0.1993845637180251,0.7771055562742821,0.01222563283232635
0.0,0.0,0.0,0.0,1.0
0.0,0.0011277901316964687,0.015752569308926316,0.9782074308292492,0.004912209730128117
0.0,0.0014243264120407041,0.05399861213874666,0.9427329935343381,0.0018440679148745843
0.0,0.0006402391229272804,0.011478396225702708,0.9846746060171769,0.0032067586341931013
0.0,0.012563254814132886,0.4702346388341838,0.4364714163163928,0.08073069003529058
0.0,0.0042742621587486,0.10187673027263586,0.8887532831886397,0.005095724379975993
0.0,0.0,0.0,1.0,0.0
0.0,7.200173631701221e-05,0.005336920206023157,0.9933099836267749,0.0012810944308848827
0.0,0.0,0.0,1.0,0.0
0.0,0.0,1.0,0.0,0.0
0.0,0.0030823601309415546,0.19414310551696046,0.7900432186535433,0.012731315698554773
0.0,0.0008421155685363879,0.026387721057989772,0.9677133795398974,0.005056783833576316
0.0,0.0,0.0,1.0,0.0
0.0,0.0,0.0,1.0,0.0
0.0,0.0007979828008387547,0.18620657838737745,0.8030771942383383,0.009918244573445444
0.0,0.043452150402318104,0.49796087494777314,0.38608876469574216,0.07249820995416649
0.0,0.0,0.0,1.0,0.0
0.0,0.0004510723833420935,0.015393472017310238,0.9794497005647541,0.004705755034593287
0.0,0.055094194253689464,0.17291244906875822,0.7521734918319234,0.019819864845628855
0.0,0.043004948840848434,0.40171179733802365,0.5443974792011279,0.010885774620000122
0.0,0.0019943302427425764,0.005292158127910789,0.9879661323972975,0.004747379232049183
0.0,0.001704705936718848,0.09911494566590488,0.8907298983696625,0.008450450027713649
0.0,0.0,0.0,1.0,0.0
0.0,0.0028396658867004903,0.07318487816884621,0.9149640885934722,0.009011367350980983
0.0,0.0,0.0,1.0,0.0
0.0,0.0032884551296637186,0.03404960557719498,0.957385075345614,0.005276863947527158
0.0,0.0,0.0,1.0,0.0
0.0,0.01301166871132128,0.168706693035816,0.8135458533679621,0.004735784884900606
0.0,0.005161129552182231,0.027554758481241226,0.9622737838940785,0.005010328072498035
0.0,5.462401369547064e-05,0.017564289991342158,0.9805621734547737,0.0018189125401888522
0.0,0.0,0.0,1.0,0.0
0.0,0.0010491526377847619,0.04970547642985157,0.9464643597001914,0.002781011232172293
0.0,0.004200822644023742,0.010473298028723816,0.9763338633347468,0.008992015992505643
0.0,0.00041842313622015805,0.06372569528613058,0.9230174636948132,0.012838417882836201
0.0,0.03593574199108009,0.488954864867836,0.3807926240174685,0.09431676912361539
0.0,0.0003329585276629258,0.04876864960008688,0.9495460618149616,0.001352330057288512
0.0,0.0788559183402045,0.10216882269618385,0.7973396656868392,0.02163559327677237
0.0,0.00030953455738864287,0.011860918411128183,0.9858785457419088,0.0019510012895742207
0.0,0.0,0.0,1.0,0.0
0.0,0.00023178525313910097,0.010739014543084962,0.988721679596582,0.0003075206071939458
0.0,0.007292955990080205,0.49090397264134394,0.4509303192975437,0.050872752071032146
0.0,0.0027845396491812174,0.008628929665386833,0.9866383215667167,0.0019482091187152458
0.0,0.02275145552748256,0.3643194829860458,0.5847235456592598,0.028205515827211824
0.0,0.006654639421459373,0.049421236159119364,0.9282524021347719,0.015671722284649345
0.0,0.0005997276330803714,0.03842013288047845,0.9392398411274832,0.021740298358958004
0.0,0.0,0.0,1.0,0.0
0.0,0.00041780871239641083,0.00637986352745573,0.9930202410964647,0.00018208666368330832
0.0,0.003936689022113178,0.07238163175904008,0.919377188722747,0.004304490496099844
0.0,0.001935270348670683,0.011631544465562763,0.9855149726927905,0.0009182124929759405
0.0,0.0004276064504735392,0.0036773309175340482,0.9940127553726041,0.0018823072593882571
0.0,0.002613706702392456,0.029006835998910147,0.9614683204513519,0.0069111368473455505
0.0,0.012425145353399263,0.7748182639840443,0.13978059683974212,0.07297599382281432
0.0,0.0,0.0,1.0,0.0
0.0,0.00040245979228782343,0.016013714937376904,0.9832156446101384,0.0003681806601969227
0.0,0.01312110927953267,0.09585151388927576,0.8898625947089183,0.0011647821222733048
0.0,0.0021385087948528345,0.011147976119810448,0.9701616154094121,0.016551899675924395
0.0,0.0016322850231995424,0.030217283312040977,0.9662217506288233,0.0019286810359361427
0.0,0.01525651719930381,0.12486213126448922,0.8553227836773027,0.004558567858904167
0.0,0.0017499523844623174,0.004936048052774668,0.9845501011428899,0.008763898419873154
0.0,0.0016452572085666878,0.033714164557478526,0.9573861981543688,0.0072543800795860204
0.0,0.0,0.0,1.0,0.0
0.0,0.003569520182786774,0.0314331853674439,0.9645543391026402,0.0004429553471290412
0.0,0.0065791623633676705,0.011846276134062039,0.9812955230602768,0.00027903844229354766
0.0,0.009865513172641931,0.016798465003536354,0.9660728413094294,0.007263180514392434
0.0,0.0020925367092506785,0.08032229464883515,0.9134685686013093,0.004116600040605027
0.0,4.353966447441937e-05,0.02445934644075564,0.9734780410521664,0.0020190728426035154
0.0,0.0,0.0,1.0,0.0
0.0,0.0002344986605852948,0.026887576043890506,0.9668544033072888,0.006023521988235478
0.0,0.0,0.0,1.0,0.0
0.0,0.020418840591786662,0.03868935731589529,0.9378023449578672,0.0030894571344508995
0.0,0.0,0.0,1.0,0.0
0.0,0.0,0.0,0.0,1.0
0.0,0.0018107230409658253,0.03642270409404217,0.9570180791229757,0.004748493742016458
0.0,0.0006408829456143918,0.011508369051543857,0.9870682146408484,0.0007825333619933758
0.0,0.003626125491211852,0.025690259292038664,0.966006237788592,0.0046773774281574036
0.0,0.0,0.0,1.0,0.0
0.0,0.001166775835937686,0.036899995317221226,0.9593606651784725,0.002572563668368577
0.0,0.001732995254759416,0.10600238005101108,0.889586493751015,0.0026781309432146504
0.0,4.266143993598738e-05,0.009315416773962635,0.9811103913713355,0.009531530414765916
0.0,0.00513722821725165,0.0502542664348921,0.9398091833117708,0.004799322036085454
0.0,0.0006814482998330383,0.02990228869110597,0.9628897399483887,0.0065265230606722765
0.0,0.0,0.0,1.0,0.0
0.0,0.00014247173115200854,0.018806698163692997,0.9807897472274585,0.00026108287769641147
0.0,0.00035772298885247613,0.0513071015325116,0.9397433459936645,0.008591829484971374
0.0,0.0019826237414935074,0.023752128277270024,0.9701327512085776,0.004132496772658904
0.0,0.0008954495630540671,0.01251406643013,0.9785653719584382,0.008025112048377797
0.0,0.0026213357832673167,0.07321249344898043,0.9164192933034311,0.007746877464321081
0.0,0.01908226268805212,0.08178950334626678,0.8764212169225576,0.02270701704312355
0.0,0.0009352578553858401,0.10326408396584322,0.8942688291257976,0.0015318290529731371
0.0,0.00016371228947916692,0.016430180778237363,0.9816594034223993,0.0017467035098843915
0.0,0.0004421744468990937,0.07202870507886074,0.9269309734709564,0.0005981470032836529
0.0,0.00013149893468654615,0.002728309021411141,0.9959143181688077,0.001225873875094674
0.0,0.005736684589162751,0.025731993593472908,0.9599078066942065,0.008623515123157972
0.0,0.005947868111993235,0.16526992816245276,0.8264282088769583,0.0023539948485956064
0.0,0.015795909488560904,0.2161992683411305,0.7375225794373369,0.030482242732971638
0.0,0.0,0.0,1.0,0.0
0.0,0.015154226104664973,0.2780555955180826,0.6927976644717925,0.013992513905459959
0.0,0.0,0.0,1.0,0.0
0.0,0.0,0.0,1.0,0.0
0.0,0.0008915504617390258,0.013041332856639238,0.9719200966372789,0.014147020044342939
0.0,0.0019143783224236494,0.016228326850625262,0.9776281593626417,0.004229135464309433
0.0,0.000540502038082516,0.007078100476684749,0.991913915518922,0.00046748196631063053
0.0,0.0028856538991900486,0.005794199876882251,0.9904307260709778,0.0008894201529496802
0.0,0.0,0.0,1.0,0.0
0.0,0.045044507294937704,0.056251285538769645,0.8974492341995619,0.0012549729667305882
0.0,0.0,0.0,1.0,0.0
0.0,0.0,0.0,1.0,0.0
0.0,0.0027875745721872066,0.09169932490736146,0.9014338593857858,0.004079241134665719
0.0,0.004018417430289489,0.029721822388333357,0.9629680258656496,0.00329173431572772
0.0,0.0,0.0,1.0,0.0
0.0,0.001718245384179753,0.24248498163647159,0.7485343667994997,0.007262406179848996
0.0,0.0,0.0,1.0,0.0
0.0,0.0,0.0,1.0,0.0
0.0,0.006662023570144065,0.4569741441529522,0.5098881821531931,0.02647565012371069
0.0,0.0007812056811643285,0.009820985390411815,0.986081704187624,0.003316104740799855
0.0,0.002724551349763558,0.04043540176063248,0.9558388168972549,0.0010012299923489994
0.0,0.00042226210508415873,0.022148043513592647,0.9765533771775438,0.0008763172037793294
0.0,0.08383771172898527,0.48657710971258183,0.3673896183832602,0.06219556017517282
0.0,3.4706176565144297e-05,0.0028266292025845123,0.9962837529343351,0.0008549116865150155
0.0,0.0012372299387521297,0.006262047629968151,0.9921462149552541,0.000354507476025664
0.0,0.005454688796988425,0.036156231174212364,0.9397372114243124,0.018651868604486848
0.0,0.0002163273207877175,0.004017554876373433,0.9948703716136473,0.0008957461891916415
0.0,0.05049973958586339,0.30917639562058213,0.5882532700915705,0.05207059470198412
0.0,0.0,1.0,0.0,0.0
0.0,0.06800178666793433,0.16133484179542817,0.760715861114962,0.009947510421675484
0.0,0.1876262936227145,0.23324797167877712,0.5669925931527406,0.012133141545767676
0.0,0.0008754320871467968,0.030573978434534306,0.9675260616349757,0.0010245278433433183
0.0,0.0002660058799543492,0.001797901724312922,0.990089991178205,0.00784610121752791
0.0,0.0006446540751456201,0.05096624255355818,0.9024994486629859,0.04588965470831015
0.0,1.0,0.0,0.0,0.0
0.0,0.0016577480256985563,0.022513187757299154,0.9728791872441166,0.002949876972885737
0.0,0.011435818537592651,0.35933356241476877,0.6226633481773152,0.0065672708703233785
0.0,0.005825147054185002,0.008656232698032775,0.982908282965375,0.0026103372824070694
0.0,0.007498595869708175,0.12759379875751992,0.8106375724331292,0.05427003293964272
0.0,0.0011662779821940646,0.04175354034079308,0.9542028859934264,0.00287729568358638
0.0,0.0,0.0,1.0,0.0
0.0,0.03593574199108009,0.488954864867836,0.3807926240174685,0.09431676912361539
0.0,0.02266207330070976,0.4500351553877769,0.36564446867888484,0.16165830263262856
0.0,0.00021477994372005508,0.014536595747962946,0.9774153656940296,0.007833258614287516
0.0,0.0,1.0,0.0,0.0
0.0,0.0007628708714713766,0.022167959523438138,0.973417059477012,0.0036521101280784693
0.0,0.07482242948083563,0.5927152370648918,0.30193021043025153,0.03053212302402103
0.0,0.000610460483559713,0.008631638508475809,0.9880119006102251,0.002746000397739332
0.0,0.006542467944875535,0.2924451580207697,0.6914648788208283,0.009547495213526458
0.0,0.0024442612347170857,0.02325543766405771,0.9637232309279307,0.010577070173294466
0.0,0.0,0.0,1.0,0.0
0.0,0.0005763734970209074,0.014208149209626935,0.9822284355948611,0.0029870416984910785
0.0,0.03625210086047108,0.14505825137293485,0.7944286353496471,0.02426101241694698
0.0,0.004724708801995333,0.007051027779183312,0.9857877285749401,0.0024365348438810867
0.0,6.609620363625383e-05,0.008378516132545184,0.9914451344516101,0.00011025321220851282
0.0,0.0012142734782505436,0.013459218254609707,0.984723022129066,0.0006034861380737564
0.0,0.0,0.0,1.0,0.0
0.0,0.0004747711016869718,0.003236221566200311,0.9886749046990648,0.007614102633048033
0.0,0.0,1.0,0.0,0.0
0.0,0.0,0.0,1.0,0.0
0.0,0.19743940355867046,0.34674424558317424,0.26837599892759084,0.18744035193056446
0.0,0.0,1.0,0.0,0.0
0.0,0.00018140223628464446,0.012138626352047242,0.9860877038180107,0.0015922675936575835
0.0,0.006531347688810534,0.048355693324945416,0.9423482300010241,0.0027647289852201725
0.0,0.0,0.0,1.0,0.0
0.0,0.0,0.0,1.0,0.0
0.0,0.02224840106566473,0.4648286554187715,0.33778364582177395,0.17513929769378989
0.0,0.00035194661137553837,0.0070376647681953675,0.9908118461390265,0.0017985424814026998
0.0,5.748500000154895e-05,0.019387660902505204,0.979073114879711,0.0014817392177822147
0.0,0.0002732749144487408,0.003481823370754758,0.9938488155309242,0.002396086183872339
0.0,1.4467966372957966e-05,0.0023680242788727563,0.9970741331819323,0.0005433745728219478
0.0,0.0003228351974712638,0.0044745398040287555,0.994242347691108,0.000960277307391948
0.0,0.0,1.0,0.0,0.0
0.0,0.000549288930010988,0.004894112993835945,0.9905348437381454,0.0040217543380075965
0.0,0.0009222796074607779,0.006949129685797946,0.9912965429444587,0.000832047762282591
0.0,0.0,0.0,1.0,0.0
0.0,0.02172167808569411,0.08786649963934892,0.882670256636595,0.007741565638361909
0.0,6.413944201871365e-05,0.004566691093743651,0.9945291178352769,0.000840051628960764
0.0,0.0008421912098335578,0.008531419687974957,0.9879746046223976,0.0026517844797936297
0.0,0.0,0.0,1.0,0.0
0.0,0.001986669738368164,0.040331114693755006,0.7836989745771402,0.17398324099073662
0.0,0.0,0.0,1.0,0.0
0.0,0.002010799411309254,0.03976009389011173,0.9558795915340402,0.0023495151645387823
0.0,0.00025027690911195863,0.008483836634388196,0.9907423025774171,0.0005235838790824298
0.0,0.0009997126378831157,0.12723798440039077,0.861721111591765,0.010041191369961141
0.0,0.0,0.0,0.0,1.0
0.0,0.022325851665369517,0.3090485161950505,0.5830868007342254,0.08553883140535465
0.0,0.0,0.0,1.0,0.0
0.0,0.00721895756799584,0.12468884712614378,0.8613969301139044,0.0066952651919560836
0.0,0.00987847710114463,0.02898606918529121,0.9564596862837057,0.004675767429858405
0.0,0.0009562092526676092,0.006270759823483607,0.9919293637468772,0.0008436671769714446
0.0,0.0,0.0,1.0,0.0
0.0,5.184637081702077e-05,0.002707431668153894,0.9965073105776525,0.0007334113833764039
0.0,0.002629998453447183,0.2888416592408021,0.7021315198752853,0.006396822430465439
0.0,0.0,0.0,1.0,0.0
0.0,0.0028822231844130605,0.012528060367131957,0.9819702053333093,0.0026195111151457876
0.0,0.004081303580399409,0.07556003906102854,0.9170583633588862,0.0033002939996857215
0.0,0.001298095328549927,0.022340477789117973,0.9743109207772725,0.0020505061050595475
0.0,0.0,0.0,1.0,0.0
0.0,0.018181347578730515,0.06217644261631687,0.8909603916490052,0.028681818155947347
0.0,0.06188082358278453,0.0790724617628116,0.7535821244305312,0.10546459022387264
0.0,0.0004511811142175903,0.0030375194045351933,0.9943737924702726,0.0021375070109746026
0.0,0.0025936762491029744,0.014438548109547766,0.9789658691758104,0.004001906465538937
0.0,0.00023562858057317747,0.003465094500150743,0.9941292927397909,0.002169984179485075
0.0,8.09060090846712e-05,0.001079733077610991,0.995481180752184,0.0033581801611204916
0.0,0.0029165595354322584,0.05030236810775903,0.94374505279276,0.003036019564048642
0.0,0.002825968074407125,0.15875763202867257,0.8222437376321368,0.016172662264783626
0.0,0.004729004366012625,0.05205122503679377,0.9395891504099099,0.003630620187283582
0.0,9.510006622098258e-05,0.00904720387644092,0.9876647884699669,0.003192907587371252
0.0,0.002135608271585235,0.10151228622146483,0.8863711072422268,0.009980998264723165
0.0,0.0009395885905048981,0.04374897332286369,0.951777528004434,0.003533910082197432
0.0,0.014825807385314593,0.18631675599944356,0.7926313401554157,0.006226096459826183
0.0,0.0010900901321781896,0.012283821917403712,0.9852761471722769,0.0013499407781412153
0.0,0.004709879833465788,0.05303499660669927,0.9413390195535538,0.0009161040062811569
0.0,0.001772168618802657,0.028132411743808226,0.9665222235685891,0.003573196068800151
0.0,0.00092902502586636,0.012591936952054458,0.9857733231151655,0.0007057149069134995
0.0,0.0008248859276932519,0.009885685624963043,0.9869297020039165,0.0023597264434271686
0.0,0.0025752987464098547,0.006039140381087893,0.9896001074393626,0.0017854534331396288
0.0,0.003494306410823003,0.010034329504260382,0.9855349151165333,0.0009364489683831504
0.0,0.0006588146338577428,0.004986665182896407,0.9938125763798139,0.0005419438034319786
0.0,0.002983118290145483,0.09813885220107821,0.8861606382676431,0.01271739124113334
0.0,0.0033926310405114567,0.036680171301735655,0.9479398556487437,0.011987342009009213
0.0,0.00027548517043225924,0.007625232537612353,0.9815579030439135,0.010541379248041818
0.0,0.0024254922924035094,0.11023322430241642,0.8817369024495711,0.005604380955608931
0.0,0.02228611276954603,0.3240398473946787,0.6436409173443979,0.01003312249137717
0.0,0.007511927933505749,0.014539586312671346,0.9710145951006461,0.006933890653176596
0.0,0.10343073156244217,0.3033478541636391,0.5206340770776837,0.07258733719623506
0.0,0.0,0.0,1.0,0.0
0.0,0.0038220255073902628,0.03125034550651595,0.9633446729664239,0.0015829560196697185
0.0,0.0004001369475897627,0.01382436000790005,0.9848376424093722,0.000937860635137917
0.0,0.03753911764260643,0.5331236728901405,0.3661904090443467,0.0631468004229063
0.0,0.0024518234875488686,0.015710146401071913,0.9783937871234304,0.0034442429879488158
0.0,0.005024822756762431,0.06548318245558353,0.9027972189696027,0.026694775818051304
0.0,0.0007508508664883337,0.005939782881985803,0.9925724481736523,0.0007369180778734151
0.0,0.0011132358335127798,0.017313295254288086,0.9794294070765817,0.0021440618356174035
0.0,7.368249258689116e-05,0.003135221245040344,0.9955446596651145,0.0012464365972584004
0.0,0.0,0.0,1.0,0.0
0.0,0.011234485804206407,0.02557709175615725,0.9560209735887231,0.007167448850913263
0.0,0.0006385089397740023,0.1415328179021047,0.855543910057922,0.0022847631001993024
0.0,0.00031547784244306316,0.0259570566399974,0.9662417381766929,0.007485727340866656
0.0,0.0,0.0,1.0,0.0
0.0,0.0005026300284007199,0.023537097351665825,0.9022030968803081,0.07375717573962544
0.0,0.0037656323612382595,0.011427757481779367,0.9836836064627056,0.0011230036942767561
0.0,0.0,0.0,1.0,0.0
0.0,0.0021580944881893715,0.04728577982993773,0.944418036197433,0.006138089484439858
0.0,0.016520776375633237,0.23311568342041858,0.7393630392562083,0.011000500947739801
0.0,0.021000141253586242,0.03198687629743508,0.9362788927326923,0.0107340897162863
0.0,0.0,0.0,1.0,0.0
0.0,0.008850772193571586,0.0765368333758822,0.9058487686277127,0.008763625802833394
0.0,0.0,0.0,1.0,0.0
0.0,1.396235788583373e-05,0.003780471004218513,0.9942070594204722,0.0019985072174234604
0.0,0.0,0.0,1.0,0.0
0.0,0.007123865073030612,0.08565939697615828,0.8974577740660286,0.009758963884782491
0.0,0.04687894364521688,0.32530903440513753,0.606518640245589,0.02129338170405679
0.0,0.05188157339059739,0.3021338113063638,0.6099951402159334,0.03598947508710534
0.0,0.001117062866367793,0.5364161198385428,0.4582377730459163,0.0042290442491731955
0.0,0.01461311809447446,0.18973612612201127,0.7829523831330413,0.012698372650472897
0.0,0.0016150982580516657,0.052108197631885275,0.9236442806809102,0.022632423429152997
0.0,0.0,0.0,1.0,0.0
0.0,0.004226591900900525,0.04663783612267638,0.9462412170134964,0.0028943549629268286
0.0,0.00014928811360655024,0.005693292657092903,0.9921215645125276,0.0020358547167727884
0.0,0.00854152113330779,0.03028441461589021,0.9587997678313013,0.0023742964195007576
0.0,0.0,0.0,1.0,0.0
0.0,0.003296651506857024,0.1074176914594166,0.8672660767510534,0.02201958028267298
0.0,0.002523451513567128,0.016204466387239595,0.9804459936691721,0.0008260884300211338
0.0,0.002490079650663403,0.48935355516560647,0.5035071112314676,0.00464925395226241
0.0,0.0022139038656365665,0.010169131693971217,0.9830656121546111,0.00455135228578114
0.0,0.00024501379078751244,0.011538755092925741,0.9867493307854662,0.0014669003308206737
0.0,0.0,0.0,1.0,0.0
0.0,0.04341475229279407,0.09944005623219607,0.852732298136005,0.004412893339004788
0.0,0.002654098412085271,0.029478137640260547,0.9660452806482341,0.0018224832994200222
0.0,0.07709137212756359,0.2540447195250025,0.6301173453250563,0.0387465630223777
0.0,0.020983071244935855,0.3319968718166769,0.5585507753911146,0.08846928154727254
0.0,1.0,0.0,0.0,0.0
0.0,0.032378686592457386,0.22765088256087154,0.7257519664595412,0.014218464387129875
0.0,0.01848224857879311,0.08950769184066357,0.6582061581096492,0.23380390147089408
0.0,0.0021318247634244934,0.008859113582293746,0.9861994401691581,0.002809621485123689
0.0,0.0,1.0,0.0,0.0
0.0,0.01237898128375964,0.016231557041164364,0.9695584596694813,0.0018310020055948895
0.0,0.0,1.0,0.0,0.0
0.0,0.000651211548970959,0.009757436758767477,0.9868329821025338,0.002758369589727734
0.0,0.0058621356571891565,0.04625509799537436,0.9468724217438655,0.001010344603570899
0.0,0.007927859620092948,0.19391940940239744,0.5448355283435168,0.2533172026339928
0.0,0.0043659912072297885,0.047175584102719735,0.9470412186366683,0.0014172060533820447
0.0,0.0016181933602765458,0.026215044091383193,0.970545056146016,0.0016217064023243202
0.0,0.009722345766006368,0.036715385068926965,0.9526870483758916,0.0008752207891749577
0.0,4.19043115207489e-05,0.00308639741636357,0.9956833352787324,0.0011883629933832946
0.0,0.0,0.0,1.0,0.0
0.0,0.0,0.0,1.0,0.0
0.0,0.09656363797914472,0.1706043440822362,0.6771475105409819,0.05568450739763725
0.0,0.004083822947560323,0.11187720775799018,0.8780774176222973,0.005961551672152226
0.0,0.0,0.0,1.0,0.0
0.0,0.0,0.0,1.0,0.0
0.0,0.0032082397360496317,0.019048993262230158,0.9553121862250418,0.022430580776678425
0.0,0.04460504230807473,0.31954913204942986,0.4581750675454857,0.17767075809700966
0.0,0.0036148725466029147,0.17586788599964526,0.8155421687469682,0.004975072706783714
0.0,0.003187226206576594,0.016781688980699365,0.9790758408951357,0.0009552439175882551
0.0,0.0,0.0,1.0,0.0
0.0,0.0022409447273484388,0.026267399954989716,0.9700899514848018,0.0014017038328600693
0.0,0.003197221162435581,0.19925222115204316,0.7938995445868009,0.0036510130987204245
0.0,0.0015295286739654278,0.07062418513128985,0.9264541132608416,0.0013921729339030874
0.0,0.0,0.0,1.0,0.0
0.0,0.0010522316271728497,0.04596894983667606,0.9504905620744584,0.002488256461692581
0.0,0.0,0.0,1.0,0.0
0.0,0.0,0.0,1.0,0.0
0.0,0.0024958238841994145,0.03224835303367474,0.9639741608768867,0.0012816622052391573
0.0,0.005550103621090696,0.1876962430395156,0.7222498559630557,0.08450379737633804
0.0,0.0,0.0,1.0,0.0
0.0,9.11528233597942e-05,0.002065887786870958,0.9969603445562376,0.0008826148335316433
0.0,0.0011226969090846512,0.035641218748522656,0.9597618588588673,0.003474225483525332
0.0,0.0,0.0,1.0,0.0
0.0,0.0015096615766558446,0.0064768062050963625,0.9912651099927624,0.0007484222254854573
0.0,0.0017521368803951446,0.02258031464655632,0.9738549878506879,0.0018125606223606389
0.0,0.0008616203864146571,0.04932040721030146,0.9488777806963394,0.0009401917069443941
0.0,0.006832449815231731,0.05726897278557809,0.9344834637997149,0.0014151135994754603
0.0,0.0,0.0,1.0,0.0
0.0,0.0010429913428775888,0.031400221101726584,0.9666718609514222,0.0008849266039736778
0.0,0.004090346581072374,0.03791213209846079,0.9525658293531158,0.005431691967350957
0.0,0.0002428182248656317,0.01121798186785872,0.9879401387763675,0.0005990611309082041
0.0,0.007096198585747592,0.5917252823751137,0.3421368962921261,0.05904162274701256
0.0,0.005231891027679047,0.021419993363451625,0.969335823863376,0.004012291745493448
0.0,0.0,0.0,1.0,0.0
0.0,0.0017990869587543514,0.045868236761055406,0.9350067859806845,0.01732589029950583
0.0,0.0,1.0,0.0,0.0
0.0,0.0038035902164189777,0.026871441108447375,0.9671216693985034,0.0022032992766301174
0.0,0.0,0.0,1.0,0.0
0.0,0.005929008710306211,0.17187984288011043,0.8195339600147031,0.002657188394880337
0.0,0.0011276607493313738,0.009490279915884015,0.9870520984730684,0.0023299608617161774
0.0,0.0,1.0,0.0,0.0
0.0,0.0,0.0,1.0,0.0
1.0,0.0,0.0,0.0,0.0
0.0,0.001076290612572184,0.0053943079002738,0.9910245997465699,0.00250480174058419
0.0,0.0,0.0,1.0,0.0
0.0,0.003505815313856982,0.004584829272131461,0.9892389175827754,0.002670437831236209
0.0,0.0001071798811934928,0.007209383486223198,0.9922875252208205,0.00039591141176244525
0.0,0.003266997626640217,0.009166818435960317,0.9852931531752518,0.0022730307621475787
0.0,0.00015342546276428027,0.023352759452966467,0.9759559412183542,0.0005378738659150812
0.0,0.005849980694447846,0.05269093154948949,0.9399291085049422,0.0015299792511206285
0.0,0.0011416176721867686,0.08509357387690572,0.9023910620974089,0.011373746353498646
0.0,0.0,0.0,1.0,0.0
0.0,0.002374560977721862,0.27935242983117514,0.7039622040183253,0.014310805172777616
0.0,0.0010582355261735906,0.013534209440375325,0.9844643540414444,0.0009432009920066885
0.0,0.0,0.0,1.0,0.0
0.0,0.0009086606215140906,0.010855126561403064,0.9744399559269512,0.013796256890131548
0.0,0.0001631404029808364,0.041226993076524,0.9556314289719564,0.002978437548538898
0.0,0.011063691389380546,0.09261342445372847,0.8871736448901497,0.009149239266741233
0.0,0.0,0.0,1.0,0.0
0.0,0.0007638305268476207,0.012794436144221493,0.9719951053296876,0.014446627999243239
0.0,0.0006353909644836852,0.017368490375490108,0.9815261783922831,0.0004699402677430599
0.0,0.006751021677002427,0.019855474970869338,0.9702698133420281,0.003123690010100214
0.0,0.0016745895049256922,0.514802943108377,0.46967030306284185,0.013852164323855432
0.0,0.0031463077631417834,0.004723719508896462,0.9902728317693779,0.0018571409585838156
0.0,0.0,0.0,1.0,0.0
0.0,0.00010593863712546252,0.010204279152084961,0.9827093268825513,0.006980455328238218
0.0,2.9847831790788652e-05,0.007530822765656728,0.9905436131121659,0.001895716290386541
0.0,0.0,0.0,0.0,1.0
0.0,0.009663064375888469,0.11934823259740568,0.8658002311615594,0.005188471865146441
0.0,0.024121490821164878,0.07734497409309118,0.8941098347873091,0.004423700298434777
0.0,0.00227175669282172,0.27277998265018044,0.6079780717180103,0.11697018893898752
0.0,0.00035543951216436467,0.0049837131537026035,0.9921128582146039,0.0025479891195289675
0.0,0.009346176451437073,0.16772329630447674,0.7619020967608033,0.06102843048328286
0.0,0.0015463712764082708,0.04427556352241697,0.9526170951703495,0.00156097003082508
0.0,0.0,0.0,1.0,0.0
0.0,0.022511790807488424,0.13932353626650362,0.8310986304408743,0.007066042485133638
0.0,0.005256460065134875,0.07773396915734931,0.9089313649529933,0.008078205824522759
0.0,0.001310977530533349,0.02166580194365907,0.9762582546884234,0.0007649658373840885
0.0,0.000192902310939679,0.008496307332831302,0.9869315026059221,0.0043792877503069805
0.0,0.0,0.0,1.0,0.0
0.0,0.0,0.0,1.0,0.0
0.0,0.013599136856616918,0.1224612860097394,0.8625931932428763,0.0013463838907673883
0.0,0.028861819882649492,0.5311639412449332,0.17903848884540505,0.2609357500270124
0.0,0.000171215854379026,0.026642235651563963,0.9687807446370194,0.0044058038570375735
0.0,0.008355917494959394,0.02672520361771511,0.964094749427401,0.0008241294599246032
0.0,0.005617461391851256,0.029493715261333854,0.9621499823117572,0.0027388410350577285
0.0,0.0,0.0,1.0,0.0
0.0,0.0,0.0,1.0,0.0
0.0,0.014424157730893759,0.22890906509917355,0.7527167102387436,0.00395006693118905
0.0,0.0,0.0,1.0,0.0
0.0,0.0,0.0,1.0,0.0
0.0,0.022928012922895053,0.08583926084596447,0.8670865228308218,0.0241462034003188
0.0,0.02170221870859539,0.2702820896428454,0.6917235501644174,0.01629214148414172
0.0,0.00022805127698570835,0.005263706849439694,0.9939267118901013,0.0005815299834731818
0.0,0.0019489151758331062,0.012385253608218755,0.9712932878444324,0.01437254337151558
0.0,0.0006996750094923584,0.041801475261917256,0.9514674800515648,0.006031369677025616
0.0,0.0,0.0,1.0,0.0
0.0,0.031287170507414884,0.2733365174940574,0.6302709313565662,0.06510538064196156
0.0,0.0,0.0,1.0,0.0
0.0,0.004209570296789823,0.29711438409617885,0.6837845751241352,0.01489147048289621
0.0,0.0,0.0,1.0,0.0
0.0,0.0022021968964533603,0.16799973201945556,0.7759588057662731,0.053839265317818
0.0,0.011112606644195427,0.052955359359919386,0.9232476002099407,0.012684433785944482
0.0,0.010274709748698062,0.06080366086045785,0.9256927264306081,0.003228902960236135
0.0,0.0007250031200914306,0.010116947849381611,0.9889248858574635,0.00023316317306340127
0.0,0.0,0.0,1.0,0.0
0.0,0.0,1.0,0.0,0.0
0.0,0.007816953641275357,0.8208595000790118,0.15152186567134265,0.019801680608370214
0.0,0.00798522277058019,0.35476145560053673,0.5229584789010427,0.11429484272784043
0.0,0.0046019279462097785,0.07757660642328976,0.9106930797392586,0.007128385891242045
0.0,0.04196472939249405,0.13923295714122438,0.8032908382255035,0.015511475240777967
0.0,0.0,0.0,1.0,0.0
0.0,0.00026369470939428797,0.014055571948131226,0.9843212544045288,0.001359478937945598
0.0,0.08356821559467577,0.3572822860111013,0.47887437443052666,0.08027512396369621
0.0,0.05079553106995418,0.2444642286364766,0.6848338975334962,0.019906342760073047
0.0,0.022358932838861183,0.20919352676732256,0.7615505222910182,0.006897018102798238
0.0,0.0050472327057450245,0.02330420553526973,0.9680717413785838,0.0035768203804016673
0.0,0.00022824625122801187,0.024428476662541825,0.9746600342324825,0.0006832428537475236
0.0,0.0017716726187333605,0.04464566849419858,0.9511610209486298,0.002421637938438383
0.0,3.7277166447317405e-05,0.002657387724329539,0.9946310626201049,0.0026742724891183
0.0,0.002183306049158406,0.008895377779499308,0.9861739447522989,0.002747371419043331
0.0,0.00016137682634026303,0.002335467174219068,0.997015049969028,0.0004881060304127214
0.0,0.0003318358752523973,0.003456961277089138,0.9900976726527249,0.006113530194933498
0.0,0.0004020454651439755,0.009591159450298635,0.9898274382286608,0.0001793568558966542
0.0,0.050578075013612535,0.2332252146582094,0.7087459965812866,0.007450713746891617
0.0,0.0017988682860124922,0.03219632951586832,0.9639896477657486,0.002015154432370609
0.0,0.0,0.0,1.0,0.0
0.0,0.0015225919242266468,0.017082931743798168,0.9755007746890406,0.005893701642934373
0.0,0.001407827054029334,0.07583226011591956,0.9089677497149846,0.013792163115066498
0.0,0.0,0.0,1.0,0.0
0.0,0.0004962670160272489,0.006977927894619424,0.9871066628221918,0.005419142267161557
0.0,0.001596341116849763,0.005578163934898092,0.9865906016377506,0.0062348933105014345
0.0,0.0015948631404453175,0.018808103180280988,0.9780522238242011,0.0015448098550727006
0.0,0.004828875128013715,0.10424435513173187,0.8846329749168225,0.006293794823431923
0.0,0.00262538604418715,0.09219144266670912,0.8572570940878617,0.04792607720124218
0.0,0.0,0.0,1.0,0.0
0.0,0.02575176125523605,0.10022317746219908,0.8606830038801523,0.013342057402412632
0.0,0.001137880437336113,0.026507140741181705,0.969410434323161,0.002944544498321174
0.0,0.0,0.0,1.0,0.0
0.0,0.0,0.0,1.0,0.0
0.0,0.00025888026717881967,0.008878269800897393,0.9784055719203769,0.012457278011547075
0.0,0.0006716674308363444,0.010115582736730569,0.9886407640382193,0.0005719857942137124
0.0,0.006672874066799282,0.5742183679279701,0.3759334503073148,0.043175307697915916
0.0,0.0,0.0,0.0,1.0
0.0,0.0009142463331099672,0.05249127292408016,0.9375100207206977,0.009084460022112132
0.0,0.0002634865745851975,0.006902128061357225,0.9920444225266317,0.0007899628374259358
0.0,0.011346835946585832,0.036029720440243954,0.9504161143653421,0.00220732924782822
0.0,0.05493779741418022,0.022871752924775,0.9033898417745349,0.018800607886509824
0.0,0.008748860461781825,0.14631844665754826,0.8252577068808249,0.019674985999845178
0.0,0.007127250544636599,0.14120673562700867,0.8488730453334329,0.0027929684949219613
0.0,0.004278949095880902,0.11947253434079404,0.8676950764049524,0.008553440158372663
0.0,0.0,0.0,1.0,0.0
0.0,0.0,1.0,0.0,0.0
0.0,0.00856685365183962,0.052564746234517665,0.9352068915514646,0.0036615085621782284
0.0,0.0003717612353545333,0.012741846160320694,0.9867772939752288,0.00010909862909582756
0.0,0.0,0.0,1.0,0.0
0.0,0.011628780719185747,0.06306384750015703,0.9203569600350822,0.004950411745575016
0.0,0.0,0.0,1.0,0.0
0.0,0.0054203079458032466,0.11442377065080951,0.8745609474380535,0.00559497396533378
0.0,0.003907135579345074,0.07396641971003005,0.9180122274797723,0.004114217230852565
0.0,0.00034211813086249763,0.003153421098074388,0.9932320078596104,0.0032724529114527222
0.0,0.0,0.0,1.0,0.0
0.0,0.0,0.0,1.0,0.0
0.0,0.019730861201801165,0.015126953840228793,0.9594971523108603,0.005645032647109737
0.0,0.005664418564688882,0.11971173085520834,0.861274330615084,0.013349519965018774
0.0,0.01305944527749386,0.06161724726259279,0.9244968677950857,0.0008264396648276284
0.0,0.001158885802280375,0.0156692583135538,0.9819410038513758,0.0012308520327899588
0.0,0.015157614113342929,0.2137037194531116,0.7663216317741078,0.004817034659437563
0.0,0.0011557634910902737,0.004326132546326184,0.9935395116728356,0.0009785922897479675
0.0,0.01513095066840096,0.12220721991022529,0.8472851831055257,0.01537664631584797
0.0,0.0004284322685040321,0.010904267729762478,0.9868045999866748,0.0018627000150586968
0.0,0.009126635084116552,0.011432456795825562,0.9782100229478466,0.0012308851722111543
0.0,0.026371686509453596,0.2317294019969378,0.7210796416491622,0.020819269844446386
0.0,0.008571122061399556,0.04763734199842713,0.9240878049473743,0.019703730992799033
0.0,0.0011281995294784857,0.037122429330227004,0.9555690446623861,0.006180326477908193
0.0,0.0,1.0,0.0,0.0
0.0,0.0033792852701066524,0.3414285230741379,0.6406310460112158,0.014561145644539818
0.0,0.0040643105886783975,0.01082945956885653,0.9652655522864808,0.019840677555984305
0.0,0.008555765984758636,0.04677886589609971,0.9386944295496313,0.005970938569510513
0.0,0.02001365420869113,0.1442074425352435,0.8293272943705073,0.006451608885558018
0.0,0.0057663547062820186,0.012996534038312047,0.9798942837470133,0.0013428275083926093
0.0,0.0,0.0,1.0,0.0
0.0,0.000828487763689109,0.10706890551341579,0.8733966357464175,0.01870597097647776
0.0,0.004929431081166279,0.2658781657489281,0.6985979427816753,0.030594460388230254
0.0,0.0056401660798682035,0.1485786224455676,0.8208961144610294,0.024885097013534842
0.0,0.0026589565803218384,0.06692621654527679,0.9270053970142079,0.0034094298601934033
0.0,0.00020175094165670302,0.004360056806924355,0.9941962564239404,0.00124193582747856
0.0,0.0,0.0,1.0,0.0
0.0,0.0007139507344825096,0.014443956289745999,0.9827316767821201,0.002110416193651346
0.0,0.0024195505051559612,0.03150556240225113,0.9616658344016239,0.0044090526909689705
0.0,0.0216033057594864,0.2662296172149145,0.6837465126965528,0.02842056432904615
0.0,0.00229462142371857,0.07114987149935502,0.9247544407782122,0.0018010662987141865
0.0,0.000776048266700331,0.007205417414355622,0.9887051714630999,0.0033133628558440187
0.0,0.0022117545530536105,0.01537000934848467,0.9757092327915314,0.006709003306930214
0.0,0.010474727554098574,0.07521685233853662,0.8819388345924454,0.03236958551491954
0.0,0.0009053865307955451,0.007665503993456643,0.9887670668142354,0.0026620426615124168
0.0,0.007072002357358037,0.01587275413648353,0.9761514402263376,0.0009038032798207467
0.0,0.0,0.0,1.0,0.0
0.0,0.0005931678672077476,0.0065084356442067365,0.992253247100078,0.0006451493885076627
0.0,0.0012147077755458463,0.0872808780493814,0.8959667038305487,0.015537710344524103
0.0,0.000930320475467033,0.027679215248159066,0.9506509793980366,0.020739484878337346
0.0,0.006244700560633662,0.1809676481787768,0.7956079408757141,0.01717971038487539
0.0,0.00583619737609289,0.23288075654448132,0.7469908374746457,0.014292208604780204
0.0,0.003197221162435581,0.19925222115204316,0.7938995445868009,0.0036510130987204245
0.0,0.0005626472340321148,0.010316710753249376,0.9821513241294676,0.006969317883250922
0.0,0.0021940578084453386,0.011438759303658166,0.9855899037930165,0.0007772790948799784
0.0,0.0011396362636340836,0.005638149015440785,0.9920555271994023,0.0011666875215227612
0.0,0.001329513124218668,0.013611999454146456,0.9819788171215336,0.0030796703001012425
0.0,0.0014398355511431923,0.06930428531498303,0.9217566009517375,0.007499278182136397
0.0,0.0,0.0,1.0,0.0
0.0,0.0,0.0,1.0,0.0
0.0,0.004293160566256604,0.069479510585822,0.9159802234355784,0.010247105412343119
0.0,0.0,0.0,1.0,0.0
0.0,0.0013809006684035435,0.0031359736472286897,0.9945808368235107,0.000902288860856864
0.0,0.002434530977214128,0.3689488359805816,0.5912857750735128,0.037330857968691594
0.0,0.007655898026763056,0.049605190523592295,0.9216862724579672,0.021052638991677364
0.0,0.0017917334354310937,0.3572790929403308,0.6380198762461148,0.0029092973781233685
0.0,0.019657297247673726,0.4326017468766544,0.523616516310519,0.02412443956515288
0.0,0.007249033171594105,0.11857697168136158,0.8718233543485955,0.0023506407984488064
0.0,0.0,0.0,0.0,1.0
0.0,0.0010899199869106387,0.009650492809520229,0.9875030884498628,0.0017564987537061296
0.0,1.0,0.0,0.0,0.0
0.0,0.006523086124648204,0.31099107361821476,0.6376542206955562,0.04483161956158073
0.0,1.0,0.0,0.0,0.0
0.0,0.0007663222476382706,0.049605041023163314,0.9433781570608868,0.006250479668311722
0.0,0.0,0.0,1.0,0.0
0.0,0.0,1.0,0.0,0.0
0.0,0.0,0.0,1.0,0.0
0.0,0.002830851548704943,0.08072529766368883,0.9127421317438665,0.0037017190437395606
0.0,0.0057705049094119686,0.1696381997186236,0.816221291827478,0.008370003544486243
0.0,0.0001721120155098844,0.015521349871861245,0.9828935521518627,0.0014129859607662368
0.0,0.03942175520975731,0.13450549761159267,0.8140665239537309,0.012006223224919057
0.0,0.026411863704309695,0.1000749770048545,0.8691645961688703,0.004348563121965551
0.0,0.00013474995916705837,0.008747098780122423,0.9906235602571714,0.0004945910035391191
0.0,0.0010852055129092048,0.03813652208693115,0.9601187004773873,0.0006595719227723622
0.0,0.0,0.0,1.0,0.0
0.0,0.011297556272812497,0.30111762574126194,0.6434084443944277,0.04417637359149787
0.0,0.011983448139855062,0.08707795201769811,0.8385753997527556,0.06236320008969113
0.0,0.0002473234260719484,0.054668935018646246,0.9420282997946904,0.0030554417605913493
0.0,0.00123985231022389,0.012304965880296512,0.9862477164619857,0.00020746534749401755
0.0,0.0012360340569645852,0.0053671911494206255,0.9891149340950234,0.004281840698591343
0.0,0.004139073404816039,0.10861965223602144,0.87876506440895,0.008476209950212577
0.0,0.0,0.0,1.0,0.0
0.0,0.015256894058196826,0.23547406538920201,0.6733689174762171,0.07590012307638397
0.0,0.0020067679409190237,0.019013780684400603,0.9768622395818752,0.0021172117928050403
0.0,0.00357671620353487,0.15860994450630617,0.8306092144072033,0.007204124882955789
0.0,0.0005318454966463228,0.02885496835640262,0.9679528003524978,0.0026603857944531516
0.0,0.0024964727494555935,0.024135772113980304,0.9661455001133744,0.007222255023189612
0.0,0.022696765090546224,0.21543944615961888,0.5990468290670329,0.16281695968280202
0.0,0.0,0.0,1.0,0.0
0.0,0.0001791705593093659,0.03141565995694137,0.9671341980139936,0.001270971469755937
0.0,0.0,1.0,0.0,0.0
0.0,0.001851270369454184,0.045415456491607595,0.9420745344135566,0.010658738725381426
0.0,0.1184300235474471,0.243516208379925,0.6350732229307567,0.0029805451418712958
